Pokémon,HP,Atk,Def,SpAtk,SpDef,Speed,Type,Type,Damage Dealt,Damage Taken,HP,Num KO
1,BULBASAUR,,45,49,49,65,65,45,GRASS,POISON,0,21805,294,74.16666666666667
2,IVYSAUR,,60,62,63,80,80,60,GRASS,POISON,0,19236,324,59.370370370370374
3,VENUSAUR,,80,82,83,100,100,80,GRASS,POISON,0,16514,364,45.36813186813187
4,CHARMANDER,,39,52,43,60,50,65,FIRE,,0,23957,282,84.95390070921985
5,CHARMELEON,,58,64,58,80,65,80,FIRE,,0,20754,320,64.85625
6,CHARIZARD,,78,84,78,109,85,100,FIRE,FLYING,0,17633,360,48.980555555555554
7,SQUIRTLE,,44,48,65,50,64,43,WATER,,0,20091,292,68.80479452054794
8,WARTORTLE,,59,63,80,65,80,58,WATER,,0,17751,322,55.12732919254658
9,BLASTOISE,,79,83,100,85,105,78,WATER,,0,15227,362,42.06353591160221
10,CATERPIE,,45,30,35,20,20,45,BUG,,0,29512,294,100.38095238095238
11,METAPOD,,50,20,55,25,25,30,BUG,,0,25723,304,84.61513157894737
12,BUTTERFREE,,60,45,50,90,80,70,BUG,FLYING,0,20721,324,63.9537037037037
13,WEEDLE,,40,35,30,20,20,50,BUG,POISON,0,30445,284,107.20070422535211
14,KAKUNA,,45,25,50,25,25,35,BUG,POISON,0,26282,294,89.39455782312925
15,BEEDRILL,,65,90,40,45,80,75,BUG,POISON,0,22187,334,66.42814371257485
16,PIDGEY,,40,45,40,35,35,56,NORMAL,FLYING,0,26200,284,92.25352112676056
17,PIDGEOTTO,,63,60,55,50,50,71,NORMAL,FLYING,0,22430,330,67.96969696969697
18,PIDGEOT,,83,80,75,70,70,101,NORMAL,FLYING,0,18797,370,50.8027027027027
19,RATTATA,,30,56,35,25,35,72,NORMAL,,0,27017,264,102.33712121212122
20,RATICATE,,55,81,60,50,70,97,NORMAL,,0,20196,314,64.31847133757962
21,SPEAROW,,40,60,30,31,31,70,NORMAL,FLYING,0,28531,284,100.46126760563381
22,FEAROW,,65,90,65,61,61,100,NORMAL,FLYING,0,20330,334,60.868263473053894
23,EKANS,,35,60,44,40,54,55,POISON,,0,23451,274,85.58759124087591
24,ARBOK,,60,95,69,65,79,80,POISON,,0,18723,324,57.78703703703704
25,PIKACHU,,35,55,40,50,50,90,ELECTRIC,,0,24455,274,89.25182481751825
26,RAICHU,,60,90,55,90,80,110,ELECTRIC,,0,20162,324,62.22839506172839
27,SANDSHREW,,50,75,85,20,30,40,GROUND,,0,22144,304,72.84210526315789
28,SANDSLASH,,75,100,110,45,55,65,GROUND,,0,17739,354,50.110169491525426
29,NIDORANfE,,55,47,52,40,40,41,POISON,,0,23854,314,75.96815286624204
30,NIDORINA,,70,62,67,55,55,56,POISON,,0,20699,344,60.17151162790697
31,NIDOQUEEN,,90,92,87,75,85,76,POISON,GROUND,0,16994,384,44.255208333333336
32,NIDORANmA,,46,57,40,40,40,50,POISON,,0,25577,296,86.40878378378379
33,NIDORINO,,61,72,57,55,55,65,POISON,,0,21722,326,66.6319018404908
34,NIDOKING,,81,102,77,85,75,85,POISON,GROUND,0,18283,366,49.95355191256831
35,CLEFAIRY,,70,45,48,60,65,35,FAIRY,,0,21972,344,63.872093023255815
36,CLEFABLE,,95,70,73,95,90,60,FAIRY,,0,17832,394,45.25888324873097
37,VULPIX,,38,41,40,50,65,65,FIRE,,0,23159,280,82.71071428571429
38,NINETALES,,73,76,75,81,100,100,FIRE,,0,17154,350,49.011428571428574
39,JIGGLYPUFF,,115,45,20,45,25,20,NORMAL,FAIRY,0,31804,434,73.28110599078342
40,WIGGLYTUFF,,140,70,45,85,50,45,NORMAL,FAIRY,0,23676,484,48.917355371900825
41,ZUBAT,,40,45,35,30,40,55,POISON,FLYING,0,26394,284,92.93661971830986
42,GOLBAT,,75,80,70,65,75,90,POISON,FLYING,0,18907,354,53.409604519774014
43,ODDISH,,45,50,55,75,65,30,GRASS,POISON,0,21134,294,71.8843537414966
44,GLOOM,,60,65,70,85,75,40,GRASS,POISON,0,18907,324,58.35493827160494
45,VILEPLUME,,75,80,85,110,90,50,GRASS,POISON,0,16898,354,47.73446327683616
46,PARAS,,35,70,55,45,55,25,BUG,GRASS,0,21998,274,80.28467153284672
47,PARASECT,,60,95,80,60,80,30,BUG,GRASS,0,17751,324,54.78703703703704
48,VENONAT,,60,55,50,40,55,45,BUG,POISON,0,22557,324,69.62037037037037
49,VENOMOTH,,70,65,60,90,75,90,BUG,POISON,0,19854,344,57.71511627906977
50,DIGLETT,,10,55,25,35,45,95,GROUND,,0,27810,224,124.15178571428571
51,DUGTRIO,,35,100,50,50,70,120,GROUND,,0,21361,274,77.95985401459853
52,MEOWTH,,40,45,35,40,40,90,NORMAL,,0,26394,284,92.93661971830986
53,PERSIAN,,65,70,60,65,65,115,NORMAL,,0,20528,334,61.461077844311376
54,PSYDUCK,,50,52,48,65,50,55,WATER,,0,23268,304,76.53947368421052
55,GOLDUCK,,80,82,78,95,80,85,WATER,,0,17902,364,49.18131868131868
56,MANKEY,,40,80,35,35,45,70,FIGHTING,,0,25800,284,90.84507042253522
57,PRIMEAPE,,65,105,60,60,70,95,FIGHTING,,0,20196,334,60.467065868263475
58,GROWLITHE,,55,70,45,70,50,60,FIRE,,0,23676,314,75.40127388535032
59,ARCANINE,,90,110,80,100,80,95,FIRE,,0,17751,384,46.2265625
60,POLIWAG,,40,50,40,40,40,90,WATER,,0,25577,284,90.05985915492958
61,POLIWHIRL,,65,65,65,50,50,90,WATER,,0,21304,334,63.78443113772455
62,POLIWRATH,,90,95,95,70,90,70,WATER,FIGHTING,0,16224,384,42.25
63,ABRA,,25,20,15,105,55,90,PSYCHIC,,0,29494,254,116.11811023622047
64,KADABRA,,40,35,30,120,70,105,PSYCHIC,,0,24577,284,86.53873239436619
65,ALAKAZAM,,55,50,45,135,95,120,PSYCHIC,,0,20625,314,65.68471337579618
66,MACHOP,,70,80,50,35,35,35,FIGHTING,,0,24734,344,71.90116279069767
67,MACHOKE,,80,100,70,50,60,45,FIGHTING,,0,19988,364,54.91208791208791
68,MACHAMP,,90,130,80,65,85,55,FIGHTING,,0,17482,384,45.526041666666664
69,BELLSPROUT,,50,75,35,70,30,40,GRASS,POISON,0,27741,304,91.2532894736842
70,WEEPINBELL,,65,90,50,85,45,55,GRASS,POISON,0,23517,334,70.41017964071857
71,VICTREEBEL,,80,105,65,100,70,70,GRASS,POISON,0,19676,364,54.05494505494506
72,TENTACOOL,,40,40,35,50,100,70,WATER,POISON,0,22001,284,77.46830985915493
73,TENTACRUEL,,80,70,65,80,120,100,WATER,POISON,0,17254,364,47.4010989010989
74,GEODUDE,,40,80,100,30,30,20,ROCK,GROUND,0,21189,284,74.60915492957747
75,GRAVELER,,55,95,115,45,45,35,ROCK,GROUND,0,18460,314,58.789808917197455
76,GOLEM,,80,120,130,55,65,45,ROCK,GROUND,0,15943,364,43.79945054945055
77,PONYTA,,50,85,55,65,65,90,FIRE,,0,21134,304,69.51973684210526
78,RAPIDASH,,65,100,70,80,80,105,FIRE,,0,18609,334,55.71556886227545
79,SLOWPOKE,,90,65,65,40,40,15,WATER,PSYCHIC,0,22426,384,58.401041666666664
80,SLOWBRO,,95,75,110,100,80,30,WATER,PSYCHIC,0,15903,394,40.36294416243655
81,MAGNEMITE,,25,35,70,95,55,45,ELECTRIC,STEEL,0,20445,254,80.49212598425197
82,MAGNETON,,50,60,95,120,70,70,ELECTRIC,STEEL,0,17373,304,57.14802631578947
83,FARFETCHD,,52,90,55,58,62,60,NORMAL,FLYING,0,21380,308,69.41558441558442
84,DODUO,,35,85,45,35,35,75,NORMAL,FLYING,0,25421,274,92.77737226277372
85,DODRIO,,60,110,70,60,60,110,NORMAL,FLYING,0,19988,324,61.69135802469136
86,SEEL,,65,45,55,45,70,45,WATER,,0,20802,334,62.2814371257485
87,DEWGONG,,90,70,80,70,95,70,WATER,ICE,0,16968,384,44.1875
88,GRIMER,,80,80,50,40,50,25,POISON,,0,22989,364,63.15659340659341
89,MUK,,105,105,75,65,100,50,POISON,,0,17154,414,41.43478260869565
90,SHELLDER,,30,65,100,45,25,40,WATER,,0,22013,264,83.38257575757575
91,CLOYSTER,,50,95,180,85,45,70,WATER,ICE,0,16260,304,53.48684210526316
92,GASTLY,,30,35,30,100,35,80,GHOST,POISON,0,27950,264,105.87121212121212
93,HAUNTER,,45,50,45,115,55,95,GHOST,POISON,0,23244,294,79.06122448979592
94,GENGAR,,60,65,60,130,75,110,GHOST,POISON,0,19854,324,61.27777777777778
95,ONIX,,35,45,160,30,45,70,ROCK,GROUND,0,16737,274,61.083941605839414
96,DROWZEE,,60,48,45,43,90,42,PSYCHIC,,0,20899,324,64.50308641975309
97,HYPNO,,85,73,70,73,115,67,PSYCHIC,,0,16997,374,45.44652406417112
98,KRABBY,,30,105,90,25,25,50,WATER,,0,22652,264,85.8030303030303
99,KINGLER,,55,130,115,50,50,75,WATER,,0,17932,314,57.10828025477707
100,VOLTORB,,40,30,50,55,55,100,ELECTRIC,,0,22557,284,79.42605633802818
101,ELECTRODE,,60,50,70,80,80,150,ELECTRIC,,0,18609,324,57.43518518518518
102,EXEGGCUTE,,60,40,80,60,45,40,GRASS,PSYCHIC,0,20547,324,63.416666666666664
103,EXEGGUTOR,,95,95,85,125,75,55,GRASS,PSYCHIC,0,17705,394,44.93654822335025
104,CUBONE,,50,50,95,40,50,35,GROUND,,0,19001,304,62.50328947368421
105,MAROWAK,,60,80,110,50,80,45,GROUND,,0,15903,324,49.083333333333336
106,HITMONLEE,,50,120,53,35,110,87,FIGHTING,,0,18943,304,62.3125
107,HITMONCHAN,,50,105,79,35,110,76,FIGHTING,,0,16408,304,53.973684210526315
108,LICKITUNG,,90,55,75,60,75,30,NORMAL,,0,18455,384,48.059895833333336
109,KOFFING,,40,65,95,60,45,35,POISON,,0,19529,284,68.76408450704226
110,WEEZING,,65,90,120,85,70,60,POISON,,0,16071,334,48.116766467065865
111,RHYHORN,,80,85,95,30,30,25,GROUND,ROCK,0,21470,364,58.98351648351648
112,RHYDON,,105,130,120,45,45,40,GROUND,ROCK,0,18227,414,44.02657004830918
113,CHANSEY,,250,5,5,35,105,50,NORMAL,,0,30077,704,42.72301136363637
114,TANGELA,,65,55,115,100,40,60,GRASS,,0,19054,334,57.047904191616766
115,KANGASKHAN,,105,95,80,40,80,90,NORMAL,,0,17751,414,42.8768115942029
116,HORSEA,,30,40,70,70,25,60,WATER,,0,24170,264,91.5530303030303
117,SEADRA,,55,65,95,95,45,85,WATER,,0,19529,314,62.19426751592356
118,GOLDEEN,,45,67,60,35,50,63,WATER,,0,21824,294,74.2312925170068
119,SEAKING,,80,92,65,65,80,68,WATER,,0,19036,364,52.2967032967033
120,STARYU,,30,45,55,70,55,85,WATER,,0,21998,264,83.32575757575758
121,STARMIE,,60,75,85,100,85,115,WATER,PSYCHIC,0,17138,324,52.89506172839506
122,MRMIME,,40,45,65,100,120,90,PSYCHIC,FAIRY,0,17254,284,60.75352112676056
123,SCYTHER,,70,110,80,55,80,105,BUG,FLYING,0,17751,344,51.60174418604651
124,JYNX,,65,50,35,115,95,95,ICE,PSYCHIC,0,22221,334,66.52994011976048
125,ELECTABUZZ,,65,83,57,95,85,105,ELECTRIC,,0,19617,334,58.73353293413174
126,MAGMAR,,65,95,57,100,85,93,FIRE,,0,19617,334,58.73353293413174
127,PINSIR,,65,125,100,55,70,85,BUG,,0,17092,334,51.17365269461078
128,TAUROS,,75,100,95,40,70,110,NORMAL,,0,17373,354,49.07627118644068
129,MAGIKARP,,20,10,55,15,20,80,WATER,,0,26670,244,109.30327868852459
130,GYARADOS,,95,125,79,60,100,81,WATER,FLYING,0,16829,394,42.713197969543145
131,LAPRAS,,130,85,80,85,95,60,WATER,ICE,0,16968,464,36.56896551724138
132,DITTO,,48,48,48,48,48,48,NORMAL,,0,23475,300,78.25
133,EEVEE,,55,55,50,45,65,55,NORMAL,,0,21693,314,69.0859872611465
134,VAPOREON,,130,65,60,110,95,65,WATER,,0,18773,464,40.45905172413793
135,JOLTEON,,65,65,60,110,95,130,ELECTRIC,,0,18773,334,56.206586826347305
136,FLAREON,,65,130,60,95,110,65,FIRE,,0,18132,334,54.287425149700596
137,PORYGON,,65,60,70,85,75,40,NORMAL,,0,18907,334,56.60778443113772
138,OMANYTE,,35,40,100,90,55,35,ROCK,WATER,0,18288,274,66.74452554744525
139,OMASTAR,,70,60,125,115,70,55,ROCK,WATER,0,15843,344,46.05523255813954
140,KABUTO,,30,80,90,55,45,55,ROCK,WATER,0,19887,264,75.32954545454545
141,KABUTOPS,,60,115,105,65,70,80,ROCK,WATER,0,16799,324,51.848765432098766
142,AERODACTYL,,80,105,65,60,75,130,ROCK,FLYING,0,19334,364,53.11538461538461
143,SNORLAX,,160,110,65,65,110,30,NORMAL,,0,17612,524,33.61068702290076
144,ARTICUNO,,90,85,100,95,125,85,ICE,FLYING,0,14496,384,37.75
145,ZAPDOS,,90,90,85,125,90,100,ELECTRIC,FLYING,0,16898,384,44.005208333333336
146,MOLTRES,,90,100,90,125,85,90,FIRE,FLYING,0,16822,384,43.807291666666664
147,DRATINI,,41,64,45,50,50,50,DRAGON,,0,23676,286,82.78321678321679
148,DRAGONAIR,,61,84,65,70,70,70,DRAGON,,0,19676,326,60.355828220858896
149,DRAGONITE,,91,134,95,100,100,80,DRAGON,FLYING,0,15730,386,40.751295336787564
150,MEWTWO,,106,110,90,154,90,130,PSYCHIC,,0,16582,416,39.86057692307692
151,MEW,,100,100,100,100,100,100,PSYCHIC,,23523722,15449,404,38.24009900990099
152,CHIKORITA,,45,49,65,49,65,45,GRASS,,0,20008,294,68.05442176870748
153,BAYLEEF,,60,62,80,63,80,60,GRASS,,0,17751,324,54.78703703703704
154,MEGANIUM,,80,82,100,83,100,80,GRASS,,0,15449,364,42.44230769230769
155,CYNDAQUIL,,39,52,43,60,50,65,FIRE,,0,23957,282,84.95390070921985
156,QUILAVA,,58,64,58,80,65,80,FIRE,,0,20754,320,64.85625
157,TYPHLOSION,,78,84,78,109,85,100,FIRE,,0,17633,360,48.980555555555554
158,TOTODILE,,50,65,64,44,48,43,WATER,,0,21619,304,71.11513157894737
159,CROCONAW,,65,80,80,59,63,58,WATER,,0,18882,334,56.532934131736525
160,FERALIGATR,,85,105,100,79,83,78,WATER,,0,16275,374,43.51604278074866
161,SENTRET,,35,46,34,35,45,20,NORMAL,,0,25979,274,94.81386861313868
162,FURRET,,85,76,64,45,55,90,NORMAL,,0,20980,374,56.096256684491976
163,HOOTHOOT,,60,30,30,36,56,50,NORMAL,FLYING,0,25656,324,79.18518518518519
164,NOCTOWL,,100,50,50,86,96,70,NORMAL,FLYING,0,19889,404,49.23019801980198
165,LEDYBA,,40,20,30,40,80,55,BUG,FLYING,0,23937,284,84.28521126760563
166,LEDIAN,,55,35,50,85,110,85,BUG,FLYING,0,19297,314,61.455414012738856
167,SPINARAK,,40,60,40,40,40,30,BUG,POISON,0,25577,284,90.05985915492958
168,ARIADOS,,70,90,70,60,70,40,BUG,POISON,0,19249,344,55.95639534883721
169,CROBAT,,85,90,80,70,80,130,POISON,FLYING,0,17751,374,47.462566844919785
170,CHINCHOU,,75,38,38,56,56,67,WATER,ELECTRIC,0,24198,354,68.35593220338983
171,LANTURN,,125,58,58,76,76,67,WATER,ELECTRIC,0,20062,454,44.18942731277533
172,PICHU,,20,40,15,35,35,60,ELECTRIC,,0,31671,244,129.79918032786884
173,CLEFFA,,50,25,28,45,55,15,FAIRY,,0,26195,304,86.16776315789474
174,IGGLYBUFF,,90,30,15,40,20,15,NORMAL,FAIRY,0,34166,384,88.97395833333333
175,TOGEPI,,35,20,65,40,65,20,FAIRY,,0,20008,274,73.02189781021897
176,TOGETIC,,55,40,85,80,105,40,FAIRY,FLYING,0,16182,314,51.53503184713376
177,NATU,,40,50,45,70,45,70,PSYCHIC,FLYING,0,24204,284,85.22535211267606
178,XATU,,65,75,70,95,70,95,PSYCHIC,FLYING,0,19249,334,57.631736526946106
179,MAREEP,,55,40,40,65,45,35,ELECTRIC,,0,24983,314,79.56369426751593
180,FLAAFFY,,70,55,55,80,60,45,ELECTRIC,,0,21541,344,62.61918604651163
181,AMPHAROS,,90,75,85,115,90,55,ELECTRIC,,0,16898,384,44.005208333333336
182,BELLOSSOM,,75,80,95,90,100,50,GRASS,,0,15730,354,44.43502824858757
183,MARILL,,70,20,50,20,50,40,WATER,FAIRY,0,22989,344,66.82848837209302
184,AZUMARILL,,100,50,80,60,80,50,WATER,FAIRY,0,17751,404,43.93811881188119
185,SUDOWOODO,,70,100,115,30,65,30,ROCK,,0,16636,344,48.36046511627907
186,POLITOED,,90,75,75,90,100,70,WATER,,0,17154,384,44.671875
187,HOPPIP,,35,35,40,35,55,50,GRASS,FLYING,0,24023,274,87.67518248175182
188,SKIPLOOM,,55,45,50,45,65,80,GRASS,FLYING,0,21693,314,69.0859872611465
189,JUMPLUFF,,75,55,70,55,95,110,GRASS,FLYING,0,17826,354,50.355932203389834
190,AIPOM,,55,70,55,40,55,85,NORMAL,,0,21998,314,70.05732484076434
191,SUNKERN,,30,30,30,30,30,30,GRASS,,0,28674,264,108.61363636363636
192,SUNFLORA,,75,75,55,105,85,30,GRASS,,0,19893,354,56.19491525423729
193,YANMA,,65,65,45,75,45,95,BUG,FLYING,0,24204,334,72.46706586826348
194,WOOPER,,55,45,45,25,25,15,WATER,GROUND,0,26969,314,85.88853503184713
195,QUAGSIRE,,95,85,85,65,65,35,WATER,GROUND,0,18379,394,46.64720812182741
196,ESPEON,,65,65,60,130,95,110,PSYCHIC,,0,18773,334,56.206586826347305
197,UMBREON,,95,65,110,60,130,65,DARK,,0,13763,394,34.931472081218274
198,MURKROW,,60,85,42,85,42,91,DARK,FLYING,0,24962,324,77.04320987654322
199,SLOWKING,,95,75,80,100,110,30,WATER,PSYCHIC,0,16327,394,41.43908629441624
200,MISDREAVUS,,60,60,60,85,85,85,GHOST,,0,19287,324,59.52777777777778
201,UNOWN,,48,72,48,72,48,48,PSYCHIC,,0,23475,300,78.25
202,WOBBUFFET,,190,33,58,33,58,33,PSYCHIC,,0,21331,584,36.52568493150685
203,GIRAFARIG,,70,80,65,90,65,85,NORMAL,PSYCHIC,0,20008,344,58.16279069767442
204,PINECO,,50,65,90,35,35,15,BUG,,0,21104,304,69.42105263157895
205,FORRETRESS,,75,90,140,60,60,40,BUG,STEEL,0,16026,354,45.271186440677965
206,DUNSPARCE,,100,70,70,65,65,45,NORMAL,,0,19581,404,48.46782178217822
207,GLIGAR,,65,75,105,35,65,85,GROUND,FLYING,0,17131,334,51.290419161676645
208,STEELIX,,75,85,200,55,65,30,STEEL,GROUND,0,14013,354,39.58474576271186
209,SNUBBULL,,60,80,50,40,40,30,FAIRY,,0,24111,324,74.41666666666667
210,GRANBULL,,90,120,75,60,60,45,FAIRY,,0,19536,384,50.875
211,QWILFISH,,65,95,85,55,55,85,WATER,POISON,0,19243,334,57.61377245508982
212,SCIZOR,,70,130,100,55,80,65,BUG,STEEL,0,16452,344,47.825581395348834
213,SHUCKLE,,20,10,230,10,230,5,BUG,ROCK,0,8389,244,34.381147540983605
214,HERACROSS,,80,125,75,40,95,85,BUG,FIGHTING,0,17374,364,47.73076923076923
215,SNEASEL,,55,95,55,35,75,115,DARK,ICE,0,20460,314,65.1592356687898
216,TEDDIURSA,,60,80,50,50,50,40,NORMAL,,0,22989,324,70.95370370370371
217,URSARING,,90,130,75,75,75,55,NORMAL,,0,18455,384,48.059895833333336
218,SLUGMA,,40,40,40,70,40,20,FIRE,,0,25577,284,90.05985915492958
219,MAGCARGO,,60,50,120,90,80,30,FIRE,ROCK,0,15431,324,47.626543209876544
220,SWINUB,,50,50,40,30,30,50,ICE,GROUND,0,26924,304,88.5657894736842
221,PILOSWINE,,100,100,80,60,60,50,ICE,GROUND,0,19130,404,47.351485148514854
222,CORSOLA,,65,55,95,65,95,35,WATER,ROCK,0,15950,334,47.75449101796407
223,REMORAID,,35,65,35,65,35,65,WATER,,0,27017,274,98.60218978102189
224,OCTILLERY,,75,105,75,105,75,45,WATER,,0,18455,354,52.132768361581924
225,DELIBIRD,,45,55,45,65,45,75,ICE,FLYING,0,24204,294,82.3265306122449
226,MANTINE,,85,40,70,80,140,70,WATER,FLYING,0,16221,374,43.3716577540107
227,SKARMORY,,65,80,140,40,70,70,STEEL,FLYING,0,15287,334,45.76946107784431
228,HOUNDOUR,,45,60,30,80,50,65,DARK,FIRE,0,26205,294,89.13265306122449
229,HOUNDOOM,,75,90,50,110,80,95,DARK,FIRE,0,20721,354,58.53389830508475
230,KINGDRA,,75,95,95,95,95,85,WATER,DRAGON,0,15950,354,45.056497175141246
231,PHANPY,,90,60,60,40,40,40,GROUND,,0,22946,384,59.755208333333336
232,DONPHAN,,90,120,120,60,60,50,GROUND,,0,16810,384,43.776041666666664
233,PORYGON2,,85,80,90,105,95,60,NORMAL,,0,16308,374,43.60427807486631
234,STANTLER,,73,95,62,85,65,85,NORMAL,,0,20333,350,58.09428571428571
235,SMEARGLE,,55,20,35,20,45,75,NORMAL,,0,25800,314,82.1656050955414
236,TYROGUE,,35,35,35,35,35,35,FIGHTING,,0,27017,274,98.60218978102189
237,HITMONTOP,,50,95,95,35,110,70,FIGHTING,,0,15309,304,50.358552631578945
238,SMOOCHUM,,45,30,15,85,65,65,ICE,PSYCHIC,0,28630,294,97.38095238095238
239,ELEKID,,45,63,37,65,55,95,ELECTRIC,,0,24497,294,83.32312925170068
240,MAGBY,,45,75,37,70,55,83,FIRE,,0,24497,294,83.32312925170068
241,MILTANK,,95,80,105,40,70,100,NORMAL,,0,16799,394,42.63705583756345
242,BLISSEY,,255,10,10,75,135,55,NORMAL,,0,27080,714,37.92717086834734
243,RAIKOU,,90,85,75,115,100,115,ELECTRIC,,0,17154,384,44.671875
244,ENTEI,,115,115,85,90,75,100,FIRE,,0,17705,434,40.794930875576036
245,SUICUNE,,100,75,115,90,115,85,WATER,,0,14052,404,34.78217821782178
246,LARVITAR,,50,64,50,45,50,41,ROCK,GROUND,0,22989,304,75.6217105263158
247,PUPITAR,,70,84,70,65,70,51,ROCK,GROUND,0,19249,344,55.95639534883721
248,TYRANITAR,,100,134,110,95,100,61,ROCK,DARK,0,14900,404,36.881188118811885
249,LUGIA,,106,90,130,90,154,110,PSYCHIC,FLYING,0,12231,416,29.401442307692307
250,HOOH,,106,130,90,110,154,90,FIRE,FLYING,0,14351,416,34.49759615384615
251,CELEBI,,100,100,100,100,100,100,PSYCHIC,GRASS,0,15449,404,38.24009900990099
252,TREECKO,,40,45,35,65,55,70,GRASS,,0,24840,284,87.46478873239437
253,GROVYLE,,50,65,45,85,65,95,GRASS,,0,22380,304,73.61842105263158
254,SCEPTILE,,70,85,65,105,85,120,GRASS,,0,18767,344,54.55523255813954
255,TORCHIC,,45,60,40,70,50,45,FIRE,,0,24455,294,83.18027210884354
256,COMBUSKEN,,60,85,60,85,60,55,FIRE,FIGHTING,0,20935,324,64.6141975308642
257,BLAZIKEN,,80,120,70,110,70,80,FIRE,FIGHTING,0,19249,364,52.88186813186813
258,MUDKIP,,50,70,50,50,50,40,WATER,,0,22989,304,75.6217105263158
259,MARSHTOMP,,70,85,70,60,70,50,WATER,GROUND,0,19249,344,55.95639534883721
260,SWAMPERT,,100,110,90,85,90,60,WATER,GROUND,0,16582,404,41.04455445544554
261,POOCHYENA,,35,55,35,30,30,35,DARK,,0,27741,274,101.24452554744525
262,MIGHTYENA,,70,90,70,60,60,70,DARK,,0,19988,344,58.104651162790695
263,ZIGZAGOON,,38,30,41,30,41,60,NORMAL,,0,25268,280,90.24285714285715
264,LINOONE,,78,70,61,50,61,100,NORMAL,,0,20747,360,57.63055555555555
265,WURMPLE,,45,45,35,20,30,20,BUG,,0,27741,294,94.35714285714286
266,SILCOON,,50,35,55,25,25,15,BUG,,0,25723,304,84.61513157894737
267,BEAUTIFLY,,60,70,50,100,50,65,BUG,FLYING,0,22989,324,70.95370370370371
268,CASCOON,,50,35,55,25,25,15,BUG,,0,25723,304,84.61513157894737
269,DUSTOX,,60,50,70,50,90,65,BUG,POISON,0,18100,324,55.864197530864196
270,LOTAD,,40,30,30,40,50,30,WATER,GRASS,0,26205,284,92.27112676056338
271,LOMBRE,,60,50,50,60,70,50,WATER,GRASS,0,21361,324,65.92901234567901
272,LUDICOLO,,80,70,70,90,100,70,WATER,GRASS,0,17606,364,48.36813186813187
273,SEEDOT,,40,40,50,30,30,30,GRASS,,0,25458,284,89.64084507042253
274,NUZLEAF,,70,70,40,60,40,60,GRASS,DARK,0,25577,344,74.35174418604652
275,SHIFTRY,,90,100,60,90,60,80,GRASS,DARK,0,20935,384,54.518229166666664
276,TAILLOW,,40,55,30,30,30,85,NORMAL,FLYING,0,28674,284,100.96478873239437
277,SWELLOW,,60,85,60,75,50,125,NORMAL,FLYING,0,21824,324,67.35802469135803
278,WINGULL,,40,30,30,55,30,85,WATER,FLYING,0,28674,284,100.96478873239437
279,PELIPPER,,60,50,100,95,70,65,WATER,FLYING,0,17092,324,52.75308641975309
280,RALTS,,28,25,25,45,35,40,PSYCHIC,FAIRY,0,29027,260,111.6423076923077
281,KIRLIA,,38,35,35,65,55,50,PSYCHIC,FAIRY,0,24840,280,88.71428571428571
282,GARDEVOIR,,68,65,65,125,115,80,PSYCHIC,FAIRY,0,17424,340,51.247058823529414
283,SURSKIT,,40,30,32,50,52,65,BUG,WATER,0,25625,284,90.22887323943662
284,MASQUERAIN,,70,60,62,100,82,80,BUG,FLYING,0,19243,344,55.93895348837209
285,SHROOMISH,,60,40,60,40,60,35,GRASS,,0,20935,324,64.6141975308642
286,BRELOOM,,60,130,80,60,60,70,GRASS,FIGHTING,0,19130,324,59.04320987654321
287,SLAKOTH,,60,60,60,35,35,30,NORMAL,,0,23569,324,72.74382716049382
288,VIGOROTH,,80,80,80,55,55,90,NORMAL,,0,19587,364,53.81043956043956
289,SLAKING,,150,110,80,65,65,100,NORMAL,,0,18723,504,37.148809523809526
290,NINCADA,,31,45,90,30,30,40,BUG,GROUND,0,21828,266,82.06015037593986
291,NINJASK,,61,90,45,50,50,160,BUG,FLYING,0,23676,326,72.62576687116564
292,SHEDINJA,,1,90,45,30,30,40,BUG,GHOST,0,26145,1,26145.0
293,WHISMUR,,64,51,23,51,23,28,NORMAL,,0,31383,332,94.52710843373494
294,LOUDRED,,84,71,43,71,43,48,NORMAL,,0,24703,372,66.40591397849462
295,EXPLOUD,,104,91,63,91,73,68,NORMAL,,0,19675,412,47.75485436893204
296,MAKUHITA,,72,60,30,20,30,25,FIGHTING,,0,28674,348,82.39655172413794
297,HARIYAMA,,144,120,60,40,60,50,FIGHTING,,0,20935,492,42.550813008130085
298,AZURILL,,50,20,40,20,40,20,NORMAL,FAIRY,0,25577,304,84.13486842105263
299,NOSEPASS,,30,45,135,45,90,30,ROCK,,0,14324,264,54.25757575757576
300,SKITTY,,50,60,45,35,35,60,NORMAL,,0,25421,304,83.6217105263158
301,DELCATTY,,70,85,65,55,55,90,NORMAL,,0,20872,344,60.674418604651166
302,SABLEYE,,50,75,75,65,65,50,DARK,GHOST,0,19129,304,62.92434210526316
303,MAWILE,,50,85,85,55,55,50,STEEL,FAIRY,0,19243,304,63.29934210526316
304,ARON,,50,70,100,40,40,30,STEEL,ROCK,0,19842,304,65.26973684210526
305,LAIRON,,60,90,140,50,50,40,STEEL,ROCK,0,16915,324,52.20679012345679
306,AGGRON,,70,110,180,60,60,50,STEEL,ROCK,0,14843,344,43.14825581395349
307,MEDITITE,,30,40,55,40,55,60,FIGHTING,PSYCHIC,0,21998,264,83.32575757575758
308,MEDICHAM,,60,60,75,60,75,80,FIGHTING,PSYCHIC,0,18455,324,56.95987654320987
309,ELECTRIKE,,40,45,40,65,40,65,ELECTRIC,,0,25577,284,90.05985915492958
310,MANECTRIC,,70,75,60,105,60,105,ELECTRIC,,0,20935,344,60.85755813953488
311,PLUSLE,,60,50,40,85,75,95,ELECTRIC,,0,22485,324,69.39814814814815
312,MINUN,,60,40,50,75,85,95,ELECTRIC,,0,20452,324,63.123456790123456
313,VOLBEAT,,65,73,75,47,85,85,BUG,,0,17888,334,53.55688622754491
314,ILLUMISE,,65,47,75,73,85,85,BUG,,0,17888,334,53.55688622754491
315,ROSELIA,,50,60,45,100,80,65,GRASS,POISON,0,21408,304,70.42105263157895
316,GULPIN,,70,43,53,43,53,40,POISON,,0,22361,344,65.00290697674419
317,SWALOT,,100,73,83,73,83,55,POISON,,0,17340,404,42.92079207920792
318,CARVANHA,,45,90,20,65,20,65,WATER,DARK,0,32751,294,111.39795918367346
319,SHARPEDO,,70,120,40,95,40,95,WATER,DARK,0,25577,344,74.35174418604652
320,WAILMER,,130,70,35,70,35,60,WATER,,0,27017,464,58.22629310344828
321,WAILORD,,170,90,45,90,45,60,WATER,,0,24204,544,44.49264705882353
322,NUMEL,,60,60,40,65,45,35,FIRE,GROUND,0,24983,324,77.10802469135803
323,CAMERUPT,,70,100,70,105,75,40,FIRE,GROUND,0,18907,344,54.96220930232558
324,TORKOAL,,70,85,140,85,70,20,FIRE,,0,15287,344,44.43895348837209
325,SPOINK,,60,25,35,70,80,60,PSYCHIC,,0,23004,324,71.0
326,GRUMPIG,,80,45,65,90,110,80,PSYCHIC,,0,17612,364,48.38461538461539
327,SPINDA,,60,60,60,60,60,60,NORMAL,,0,20935,324,64.6141975308642
328,TRAPINCH,,45,100,45,45,45,10,GROUND,,0,24204,294,82.3265306122449
329,VIBRAVA,,50,70,50,50,50,70,GROUND,DRAGON,0,22989,304,75.6217105263158
330,FLYGON,,80,100,80,80,80,100,GROUND,DRAGON,0,17751,364,48.76648351648352
331,CACNEA,,50,85,40,85,40,35,GRASS,,0,25577,304,84.13486842105263
332,CACTURNE,,70,115,60,115,60,55,GRASS,DARK,0,20935,344,60.85755813953488
333,SWABLU,,45,40,60,40,75,50,NORMAL,FLYING,0,19854,294,67.53061224489795
334,ALTARIA,,75,70,90,70,105,80,DRAGON,FLYING,0,15866,354,44.81920903954802
335,ZANGOOSE,,73,115,60,60,60,90,NORMAL,,0,20935,350,59.81428571428572
336,SEVIPER,,73,100,60,100,60,65,POISON,,0,20935,350,59.81428571428572
337,LUNATONE,,90,55,65,95,85,70,ROCK,PSYCHIC,0,18767,384,48.872395833333336
338,SOLROCK,,90,95,85,55,65,70,ROCK,PSYCHIC,0,18379,384,47.861979166666664
339,BARBOACH,,50,48,43,46,41,60,WATER,GROUND,0,24946,304,82.0592105263158
340,WHISCASH,,110,78,73,76,71,60,WATER,GROUND,0,18904,424,44.58490566037736
341,CORPHISH,,43,80,65,50,35,35,WATER,,0,23049,290,79.47931034482758
342,CRAWDAUNT,,63,120,85,90,55,55,WATER,DARK,0,19243,330,58.31212121212121
343,BALTOY,,40,40,55,40,70,55,GROUND,PSYCHIC,0,20802,284,73.24647887323944
344,CLAYDOL,,60,70,105,70,120,75,GROUND,PSYCHIC,0,14377,324,44.373456790123456
345,LILEEP,,66,41,77,61,87,23,ROCK,GRASS,0,17601,336,52.38392857142857
346,CRADILY,,86,81,97,81,107,43,ROCK,GRASS,0,15338,376,40.79255319148936
347,ANORITH,,45,95,50,40,50,75,ROCK,BUG,0,22989,294,78.1938775510204
348,ARMALDO,,75,125,100,70,80,45,ROCK,BUG,0,16452,354,46.47457627118644
349,FEEBAS,,20,15,20,10,55,80,WATER,,0,28079,244,115.07786885245902
350,MILOTIC,,95,60,79,100,125,81,WATER,,0,15876,394,40.29441624365482
351,CASTFORM,,70,70,70,70,70,70,NORMAL,,0,19249,344,55.95639534883721
352,KECLEON,,60,90,70,60,120,40,NORMAL,,0,16827,324,51.93518518518518
353,SHUPPET,,44,75,35,63,33,45,GHOST,,0,27290,292,93.45890410958904
354,BANETTE,,64,115,65,83,63,65,GHOST,,0,20167,332,60.743975903614455
355,DUSKULL,,20,40,90,30,90,25,GHOST,,0,16582,244,67.95901639344262
356,DUSCLOPS,,40,70,130,60,130,25,GHOST,,0,12831,284,45.179577464788736
357,TROPIUS,,99,108,83,72,87,51,GRASS,FLYING,0,17133,402,42.61940298507463
358,CHIMECHO,,75,50,80,95,90,65,PSYCHIC,,0,17242,354,48.706214689265536
359,ABSOL,,65,130,60,75,60,75,DARK,,0,20935,334,62.67964071856287
360,WYNAUT,,95,23,48,23,48,23,PSYCHIC,,0,23475,394,59.58121827411168
361,SNORUNT,,50,50,50,50,50,50,ICE,,0,22989,304,75.6217105263158
362,GLALIE,,80,80,80,80,80,80,ICE,,0,17751,364,48.76648351648352
363,SPHEAL,,70,40,50,55,50,25,ICE,WATER,0,22989,344,66.82848837209302
364,SEALEO,,90,60,70,75,70,45,ICE,WATER,0,19249,384,50.127604166666664
365,WALREIN,,110,80,90,95,90,65,ICE,WATER,0,16582,424,39.10849056603774
366,CLAMPERL,,35,64,85,74,55,32,WATER,,0,19243,274,70.22992700729927
367,HUNTAIL,,55,104,105,94,75,52,WATER,,0,16457,314,52.410828025477706
368,GOREBYSS,,55,84,105,114,75,52,WATER,,0,16457,314,52.410828025477706
369,RELICANTH,,100,90,130,45,65,55,WATER,ROCK,0,15943,404,39.46287128712871
370,LUVDISC,,43,30,55,50,65,97,WATER,,0,21134,290,72.87586206896552
371,BAGON,,45,75,60,40,30,50,DRAGON,,0,24293,294,82.62925170068027
372,SHELGON,,65,95,100,60,50,50,DRAGON,,0,18720,334,56.047904191616766
373,SALAMENCE,,95,135,80,110,80,100,DRAGON,FLYING,0,17751,394,45.05329949238579
374,BELDUM,,40,55,80,35,60,30,STEEL,PSYCHIC,0,19130,284,67.35915492957747
375,METANG,,60,75,100,55,80,50,STEEL,PSYCHIC,0,16452,324,50.77777777777778
376,METAGROSS,,80,135,130,95,90,70,STEEL,PSYCHIC,0,14462,364,39.73076923076923
377,REGIROCK,,80,100,200,50,100,50,ROCK,,0,12038,364,33.07142857142857
378,REGICE,,80,50,100,100,200,50,ICE,,0,12834,364,35.25824175824176
379,REGISTEEL,,80,75,150,75,150,50,STEEL,,0,11654,364,32.01648351648352
380,LATIAS,,80,80,90,110,130,110,DRAGON,PSYCHIC,0,14951,364,41.074175824175825
381,LATIOS,,80,90,80,130,110,110,DRAGON,PSYCHIC,0,16327,364,44.854395604395606
382,KYOGRE,,100,100,90,150,140,90,WATER,,0,14703,404,36.39356435643565
383,GROUDON,,100,150,140,100,90,90,GROUND,,0,14138,404,34.995049504950494
384,RAYQUAZA,,105,150,90,150,90,95,DRAGON,FLYING,0,16582,414,40.05314009661836
385,JIRACHI,,100,100,100,100,100,100,STEEL,PSYCHIC,0,15449,404,38.24009900990099
386,DEOXYS,,50,150,50,150,50,150,PSYCHIC,,0,22989,304,75.6217105263158
387,TURTWIG,,55,68,64,45,55,31,GRASS,,0,20980,314,66.81528662420382
388,GROTLE,,75,89,85,55,65,36,GRASS,,0,18379,354,51.9180790960452
389,TORTERRA,,95,109,105,75,85,56,GRASS,GROUND,0,15890,394,40.32994923857868
390,CHIMCHAR,,44,58,44,58,44,61,FIRE,,0,24453,292,83.7431506849315
391,MONFERNO,,64,78,52,78,52,81,FIRE,FIGHTING,0,22541,332,67.894578313253
392,INFERNAPE,,76,104,71,104,71,108,FIRE,FIGHTING,0,19068,356,53.561797752808985
393,PIPLUP,,53,51,53,61,56,40,WATER,,0,22086,310,71.24516129032259
394,PRINPLUP,,64,66,68,81,76,50,WATER,,0,19054,332,57.39156626506024
395,EMPOLEON,,84,86,88,111,101,60,WATER,STEEL,0,16124,372,43.344086021505376
396,STARLY,,40,55,30,30,30,60,NORMAL,FLYING,0,28674,284,100.96478873239437
397,STARAVIA,,55,75,50,40,40,80,NORMAL,FLYING,0,24111,314,76.78662420382166
398,STARAPTOR,,85,120,70,50,60,100,NORMAL,FLYING,0,19988,374,53.44385026737968
399,BIDOOF,,59,45,40,35,40,31,NORMAL,,0,25577,322,79.43167701863354
400,BIBAREL,,79,85,60,55,60,71,NORMAL,WATER,0,20935,362,57.831491712707184
401,KRICKETOT,,37,25,41,25,41,25,BUG,,0,25268,278,90.89208633093526
402,KRICKETUNE,,77,85,51,55,51,65,BUG,,0,22729,358,63.48882681564246
403,SHINX,,45,65,34,40,34,45,ELECTRIC,,0,27344,294,93.00680272108843
404,LUXIO,,60,85,49,60,49,60,ELECTRIC,,0,23193,324,71.58333333333333
405,LUXRAY,,80,120,79,95,79,70,ELECTRIC,,0,17883,364,49.129120879120876
406,BUDEW,,40,30,35,50,70,55,GRASS,POISON,0,23644,284,83.25352112676056
407,ROSERADE,,60,70,65,125,105,90,GRASS,POISON,0,17811,324,54.97222222222222
408,CRANIDOS,,67,125,40,30,30,58,ROCK,,0,26924,338,79.65680473372781
409,RAMPARDOS,,97,165,60,65,50,58,ROCK,,0,21824,398,54.834170854271356
410,SHIELDON,,30,42,118,42,88,30,ROCK,STEEL,0,15049,264,57.003787878787875
411,BASTIODON,,60,52,168,47,138,30,ROCK,STEEL,0,11447,324,35.33024691358025
412,BURMY,,40,29,45,29,45,36,BUG,,0,24204,284,85.22535211267606
413,WORMADAM,,60,59,85,79,105,36,BUG,GRASS,0,16182,324,49.94444444444444
414,MOTHIM,,70,94,50,94,50,66,BUG,FLYING,0,22989,344,66.82848837209302
415,COMBEE,,30,30,42,30,42,70,BUG,FLYING,0,24962,264,94.5530303030303
416,VESPIQUEN,,70,80,102,80,102,40,BUG,FLYING,0,15234,344,44.28488372093023
417,PACHIRISU,,60,45,70,45,90,95,ELECTRIC,,0,18100,324,55.864197530864196
418,BUIZEL,,55,65,35,60,30,85,WATER,,0,27741,314,88.34713375796179
419,FLOATZEL,,85,105,55,85,50,115,WATER,,0,22430,374,59.973262032085564
420,CHERUBI,,45,35,45,62,53,35,GRASS,,0,23402,294,79.59863945578232
421,CHERRIM,,70,60,70,87,78,85,GRASS,,0,18725,344,54.43313953488372
422,SHELLOS,,76,48,48,57,62,34,WATER,,0,22218,356,62.41011235955056
423,GASTRODON,,111,83,68,92,82,39,WATER,GROUND,0,18656,426,43.79342723004695
424,AMBIPOM,,75,100,66,60,66,115,NORMAL,,0,19864,354,56.112994350282484
425,DRIFLOON,,90,50,34,60,44,70,GHOST,FLYING,0,26082,384,67.921875
426,DRIFBLIM,,150,80,44,90,54,80,GHOST,FLYING,0,23451,504,46.529761904761905
427,BUNEARY,,55,66,44,44,56,85,NORMAL,,0,23273,314,74.11783439490446
428,LOPUNNY,,65,76,84,54,96,105,NORMAL,,0,16624,334,49.77245508982036
429,MISMAGIUS,,60,60,60,105,105,105,GHOST,,0,18331,324,56.57716049382716
430,HONCHKROW,,100,125,52,105,52,71,DARK,FLYING,0,22541,404,55.79455445544554
431,GLAMEOW,,49,55,42,42,37,85,NORMAL,,0,25589,302,84.73178807947019
432,PURUGLY,,71,82,64,64,59,112,NORMAL,,0,20603,346,59.54624277456647
433,CHINGLING,,45,30,50,65,50,45,PSYCHIC,,0,22989,294,78.1938775510204
434,STUNKY,,63,63,47,41,41,74,POISON,DARK,0,24414,330,73.98181818181818
435,SKUNTANK,,103,93,67,71,61,84,POISON,DARK,0,20157,410,49.16341463414634
436,BRONZOR,,57,24,86,24,86,23,STEEL,PSYCHIC,0,16993,318,53.437106918238996
437,BRONZONG,,67,89,116,79,116,33,STEEL,PSYCHIC,0,13963,338,41.31065088757396
438,BONSLY,,50,80,95,10,45,10,ROCK,,0,19529,304,64.24013157894737
439,MIMEJR,,20,25,45,70,90,60,PSYCHIC,FAIRY,0,20899,244,85.65163934426229
440,HAPPINY,,100,5,5,15,65,30,NORMAL,,0,32274,404,79.88613861386139
441,CHATOT,,76,65,45,92,42,91,NORMAL,FLYING,0,24531,356,68.90730337078652
442,SPIRITOMB,,50,92,108,92,108,35,GHOST,DARK,0,14594,304,48.00657894736842
443,GIBLE,,58,70,45,40,45,42,DRAGON,GROUND,0,24204,320,75.6375
444,GABITE,,68,90,65,50,55,82,DRAGON,GROUND,0,20872,340,61.38823529411765
445,GARCHOMP,,108,130,95,80,85,102,DRAGON,GROUND,0,16464,420,39.2
446,MUNCHLAX,,135,85,40,40,85,5,NORMAL,,0,21918,474,46.24050632911393
447,RIOLU,,40,70,40,35,40,60,FIGHTING,,0,25577,284,90.05985915492958
448,LUCARIO,,70,110,70,115,70,90,FIGHTING,STEEL,0,19249,344,55.95639534883721
449,HIPPOPOTAS,,68,72,78,38,42,32,GROUND,,0,21025,340,61.838235294117645
450,HIPPOWDON,,108,112,118,68,72,47,GROUND,,0,16002,420,38.1
451,SKORUPI,,40,50,90,30,55,65,POISON,BUG,0,18927,284,66.6443661971831
452,DRAPION,,70,90,110,60,75,95,POISON,DARK,0,16201,344,47.09593023255814
453,CROAGUNK,,48,61,40,61,40,50,POISON,FIGHTING,0,25577,300,85.25666666666666
454,TOXICROAK,,83,106,65,86,65,85,POISON,FIGHTING,0,20008,370,54.075675675675676
455,CARNIVINE,,74,100,72,90,72,46,GRASS,,0,18936,352,53.79545454545455
456,FINNEON,,49,49,56,49,61,66,WATER,,0,21303,302,70.53973509933775
457,LUMINEON,,69,69,76,69,86,91,WATER,,0,17804,342,52.058479532163744
458,MANTYKE,,45,20,50,60,120,50,WATER,FLYING,0,18939,294,64.41836734693878
459,SNOVER,,60,62,50,62,60,40,GRASS,ICE,0,22100,324,68.20987654320987
460,ABOMASNOW,,90,92,75,92,85,60,GRASS,ICE,0,17888,384,46.583333333333336
461,WEAVILE,,70,120,65,45,85,125,DARK,ICE,0,18767,344,54.55523255813954
462,MAGNEZONE,,70,70,115,130,90,60,ELECTRIC,STEEL,0,15155,344,44.05523255813954
463,LICKILICKY,,110,85,95,80,95,50,NORMAL,,0,15950,424,37.617924528301884
464,RHYPERIOR,,115,140,130,55,55,40,GROUND,ROCK,0,16807,434,38.725806451612904
465,TANGROWTH,,100,100,125,110,50,50,GRASS,,0,17471,404,43.245049504950494
466,ELECTIVIRE,,75,123,67,95,85,95,ELECTRIC,,0,18594,354,52.52542372881356
467,MAGMORTAR,,75,95,67,125,95,83,FIRE,,0,18080,354,51.07344632768361
468,TOGEKISS,,85,50,95,120,115,80,FAIRY,FLYING,0,15121,374,40.43048128342246
469,YANMEGA,,86,76,86,116,56,95,BUG,FLYING,0,19044,376,50.648936170212764
470,LEAFEON,,65,110,130,60,65,95,GRASS,,0,15943,334,47.73353293413174
471,GLACEON,,65,60,110,130,95,65,ICE,,0,15120,334,45.26946107784431
472,GLISCOR,,75,95,125,45,75,95,GROUND,FLYING,0,15501,354,43.78813559322034
473,MAMOSWINE,,110,130,80,70,60,80,ICE,GROUND,0,19130,424,45.117924528301884
474,PORYGONZ,,85,80,70,135,75,90,NORMAL,,0,18907,374,50.55347593582888
475,GALLADE,,68,125,65,65,115,80,PSYCHIC,FIGHTING,0,17424,340,51.247058823529414
476,PROBOPASS,,60,55,145,75,150,40,ROCK,STEEL,0,11814,324,36.46296296296296
477,DUSKNOIR,,45,100,135,65,135,45,GHOST,,0,12585,294,42.80612244897959
478,FROSLASS,,70,80,70,80,70,110,ICE,GHOST,0,19249,344,55.95639534883721
479,ROTOM,,50,50,77,95,77,91,ELECTRIC,GHOST,0,18160,304,59.73684210526316
480,UXIE,,75,75,130,75,130,95,PSYCHIC,,0,12831,354,36.24576271186441
481,MESPRIT,,80,105,105,105,105,80,PSYCHIC,,0,14934,364,41.027472527472526
482,AZELF,,75,125,70,125,70,115,PSYCHIC,,0,19249,354,54.37570621468927
483,DIALGA,,100,120,120,150,100,90,STEEL,DRAGON,0,14428,404,35.71287128712871
484,PALKIA,,90,120,100,150,120,100,WATER,DRAGON,0,14670,384,38.203125
485,HEATRAN,,91,90,106,130,106,77,FIRE,STEEL,0,14833,386,38.42746113989637
486,REGIGIGAS,,110,160,110,80,110,100,NORMAL,,0,14479,424,34.14858490566038
487,GIRATINA,,150,100,120,100,120,90,GHOST,DRAGON,0,13649,504,27.081349206349206
488,CRESSELIA,,120,70,110,75,120,85,PSYCHIC,,0,14121,444,31.804054054054053
489,PHIONE,,80,80,80,80,80,80,WATER,,0,17751,364,48.76648351648352
490,MANAPHY,,100,100,100,100,100,100,WATER,,0,15449,404,38.24009900990099
491,DARKRAI,,70,90,90,135,90,125,DARK,,0,16582,344,48.20348837209303
492,SHAYMIN,,100,100,100,100,100,100,GRASS,,0,15449,404,38.24009900990099
493,ARCEUS,,120,120,120,120,120,120,NORMAL,,0,13649,444,30.74099099099099
494,VICTINI,,100,100,100,100,100,100,PSYCHIC,FIRE,0,15449,404,38.24009900990099
495,SNIVY,,45,45,55,45,55,63,GRASS,,0,21998,294,74.82312925170068
496,SERVINE,,60,60,75,60,75,83,GRASS,,0,18455,324,56.95987654320987
497,SERPERIOR,,75,75,95,75,95,113,GRASS,,0,15950,354,45.056497175141246
498,TEPIG,,65,63,45,45,45,45,FIRE,,0,24204,334,72.46706586826348
499,PIGNITE,,90,93,55,70,55,55,FIRE,FIGHTING,0,21998,384,57.286458333333336
500,EMBOAR,,110,123,65,100,65,65,FIRE,FIGHTING,0,20008,424,47.18867924528302
501,OSHAWOTT,,55,55,45,63,45,45,WATER,,0,24204,314,77.0828025477707
502,DEWOTT,,75,75,60,83,60,60,WATER,,0,20935,354,59.13841807909605
503,SAMUROTT,,95,100,85,108,70,70,WATER,,0,18047,394,45.80456852791878
504,PATRAT,,45,55,39,35,39,42,NORMAL,,0,25807,294,87.77891156462584
505,WATCHOG,,60,85,69,60,69,77,NORMAL,,0,19365,324,59.76851851851852
506,LILLIPUP,,45,60,45,25,45,55,NORMAL,,0,24204,294,82.3265306122449
507,HERDIER,,65,80,65,35,65,60,NORMAL,,0,20008,334,59.90419161676647
508,STOUTLAND,,85,110,90,45,90,80,NORMAL,,0,16582,374,44.336898395721924
509,PURRLOIN,,41,50,37,50,37,66,DARK,,0,26411,286,92.34615384615384
510,LIEPARD,,64,88,50,88,50,106,DARK,,0,22989,332,69.24397590361446
511,PANSAGE,,50,53,48,53,48,64,GRASS,,0,23475,304,77.22039473684211
512,SIMISAGE,,75,98,63,98,63,101,GRASS,,0,20367,354,57.53389830508475
513,PANSEAR,,50,53,48,53,48,64,FIRE,,0,23475,304,77.22039473684211
514,SIMISEAR,,75,98,63,98,63,101,FIRE,,0,20367,354,57.53389830508475
515,PANPOUR,,50,53,48,53,48,64,WATER,,0,23475,304,77.22039473684211
516,SIMIPOUR,,75,98,63,98,63,101,WATER,,0,20367,354,57.53389830508475
517,MUNNA,,76,25,45,67,55,24,PSYCHIC,,0,23244,356,65.29213483146067
518,MUSHARNA,,116,55,85,107,95,29,PSYCHIC,,0,16624,436,38.12844036697248
519,PIDOVE,,50,55,50,36,30,43,NORMAL,FLYING,0,25458,304,83.74342105263158
520,TRANQUILL,,62,77,62,50,42,65,NORMAL,FLYING,0,22484,328,68.54878048780488
521,UNFEZANT,,80,115,80,65,55,93,NORMAL,FLYING,0,19587,364,53.81043956043956
522,BLITZLE,,45,60,32,50,32,76,ELECTRIC,,0,27989,294,95.20068027210884
523,ZEBSTRIKA,,75,100,63,80,63,116,ELECTRIC,,0,20367,354,57.53389830508475
524,ROGGENROLA,,55,75,85,25,25,15,ROCK,,0,22968,314,73.14649681528662
525,BOLDORE,,70,105,105,50,40,20,ROCK,,0,19549,344,56.82848837209303
526,GIGALITH,,85,135,130,60,80,25,ROCK,,0,14971,374,40.029411764705884
527,WOOBAT,,65,45,43,55,43,72,PSYCHIC,FLYING,0,24703,334,73.96107784431138
528,SWOOBAT,,67,57,55,77,55,114,PSYCHIC,FLYING,0,21998,338,65.0828402366864
529,DRILBUR,,60,85,40,30,45,68,GROUND,,0,24983,324,77.10802469135803
530,EXCADRILL,,110,135,60,50,65,88,GROUND,STEEL,0,20528,424,48.41509433962264
531,AUDINO,,103,60,86,60,86,50,NORMAL,,0,16993,410,41.44634146341463
532,TIMBURR,,75,80,55,25,35,35,FIGHTING,,0,24175,354,68.2909604519774
533,GURDURR,,85,105,85,40,50,40,FIGHTING,,0,19675,374,52.606951871657756
534,CONKELDURR,,105,140,95,55,65,45,FIGHTING,,0,17705,414,42.765700483091784
535,TYMPOLE,,50,50,40,50,40,64,WATER,,0,25577,304,84.13486842105263
536,PALPITOAD,,75,65,55,65,55,69,WATER,GROUND,0,21998,354,62.14124293785311
537,SEISMITOAD,,105,95,75,85,75,74,WATER,GROUND,0,18455,414,44.57729468599034
538,THROH,,120,100,85,30,85,45,FIGHTING,,0,17138,444,38.5990990990991
539,SAWK,,75,125,75,30,75,85,FIGHTING,,0,18455,354,52.132768361581924
540,SEWADDLE,,45,53,70,40,60,42,BUG,GRASS,0,19988,294,67.98639455782313
541,SWADLOON,,55,63,90,50,80,42,BUG,GRASS,0,17091,314,54.42993630573248
542,LEAVANNY,,75,103,80,70,70,92,BUG,GRASS,0,18391,354,51.951977401129945
543,VENIPEDE,,30,45,59,30,39,57,BUG,POISON,0,23155,264,87.70833333333333
544,WHIRLIPEDE,,40,55,99,40,79,47,BUG,POISON,0,16541,284,58.24295774647887
545,SCOLIPEDE,,60,100,89,55,69,112,BUG,POISON,0,17808,324,54.96296296296296
546,COTTONEE,,40,27,60,37,50,66,GRASS,FAIRY,0,21824,284,76.84507042253522
547,WHIMSICOTT,,60,67,85,77,75,116,GRASS,FAIRY,0,17705,324,54.64506172839506
548,PETILIL,,45,35,50,70,50,30,GRASS,,0,22989,294,78.1938775510204
549,LILLIGANT,,70,60,75,110,75,90,GRASS,,0,18455,344,53.64825581395349
550,BASCULIN,,70,92,65,80,55,98,WATER,,0,20872,344,60.674418604651166
551,SANDILE,,50,72,35,35,35,65,GROUND,DARK,0,27017,304,88.8717105263158
552,KROKOROK,,60,82,45,45,45,74,GROUND,DARK,0,24204,324,74.70370370370371
553,KROOKODILE,,95,117,80,65,70,92,GROUND,DARK,0,18391,394,46.67766497461929
554,DARUMAKA,,70,90,45,15,45,50,FIRE,,0,24204,344,70.36046511627907
555,DARMANITAN,,105,140,55,30,55,95,FIRE,,0,21998,414,53.13526570048309
556,MARACTUS,,75,86,67,106,67,60,GRASS,,0,19710,354,55.67796610169491
557,DWEBBLE,,50,65,85,35,35,55,BUG,ROCK,0,21420,304,70.46052631578948
558,CRUSTLE,,70,105,125,65,75,45,BUG,ROCK,0,15501,344,45.06104651162791
559,SCRAGGY,,50,75,70,35,70,48,DARK,FIGHTING,0,19249,304,63.31907894736842
560,SCRAFTY,,65,90,115,45,115,58,DARK,FIGHTING,0,14052,334,42.07185628742515
561,SIGILYPH,,72,58,80,103,80,97,PSYCHIC,FLYING,0,17751,348,51.008620689655174
562,YAMASK,,38,30,85,55,65,30,GHOST,,0,18379,280,65.63928571428572
563,COFAGRIGUS,,58,50,145,95,105,30,GHOST,,0,13240,320,41.375
564,TIRTOUGA,,54,78,103,53,45,22,WATER,ROCK,0,19052,312,61.06410256410256
565,CARRACOSTA,,74,108,133,83,65,32,WATER,ROCK,0,15880,352,45.11363636363637
566,ARCHEN,,55,90,43,54,43,70,ROCK,FLYING,0,24703,314,78.671974522293
567,ARCHEOPS,,75,120,65,60,65,110,ROCK,FLYING,0,20008,354,56.51977401129943
568,TRUBBISH,,50,50,62,40,62,65,POISON,,0,20579,304,67.69407894736842
569,GARBODOR,,80,95,82,60,82,75,POISON,,0,17480,364,48.02197802197802
570,ZORUA,,40,65,40,80,40,65,DARK,,0,25577,284,90.05985915492958
571,ZOROARK,,60,105,60,120,60,105,DARK,,0,20935,324,64.6141975308642
572,MINCCINO,,55,50,40,40,40,75,NORMAL,,0,25577,314,81.45541401273886
573,CINCCINO,,75,95,60,65,60,115,NORMAL,,0,20935,354,59.13841807909605
574,GOTHITA,,45,30,50,55,65,45,PSYCHIC,,0,21693,294,73.78571428571429
575,GOTHORITA,,60,45,70,75,85,55,PSYCHIC,,0,18340,324,56.60493827160494
576,GOTHITELLE,,70,55,95,95,110,65,PSYCHIC,,0,15309,344,44.502906976744185
577,SOLOSIS,,45,30,40,105,50,20,PSYCHIC,,0,24455,294,83.18027210884354
578,DUOSION,,65,40,50,125,60,30,PSYCHIC,,0,22100,334,66.16766467065868
579,REUNICLUS,,110,65,75,125,85,30,PSYCHIC,,0,17888,424,42.18867924528302
580,DUCKLETT,,62,44,50,44,50,55,WATER,FLYING,0,22989,328,70.08841463414635
581,SWANNA,,75,87,63,87,63,98,WATER,FLYING,0,20367,354,57.53389830508475
582,VANILLITE,,36,50,50,65,60,44,ICE,,0,22100,276,80.07246376811594
583,VANILLISH,,51,65,65,80,75,59,ICE,,0,19334,306,63.18300653594771
584,VANILLUXE,,71,95,85,110,95,79,ICE,,0,16624,346,48.04624277456647
585,DEERLING,,60,60,50,40,50,75,NORMAL,GRASS,0,22989,324,70.95370370370371
586,SAWSBUCK,,80,100,70,60,70,95,NORMAL,GRASS,0,19249,364,52.88186813186813
587,EMOLGA,,55,75,60,75,60,103,ELECTRIC,FLYING,0,20935,314,66.671974522293
588,KARRABLAST,,50,75,45,40,45,60,BUG,,0,24204,304,79.61842105263158
589,ESCAVALIER,,70,135,105,60,105,20,BUG,STEEL,0,14934,344,43.41279069767442
590,FOONGUS,,69,55,45,55,55,15,GRASS,POISON,0,23244,342,67.96491228070175
591,AMOONGUSS,,114,85,70,85,80,30,GRASS,POISON,0,18609,432,43.076388888888886
592,FRILLISH,,55,40,50,65,85,40,WATER,GHOST,0,20452,314,65.13375796178345
593,JELLICENT,,100,60,70,85,105,60,WATER,GHOST,0,17384,404,43.02970297029703
594,ALOMOMOLA,,165,75,80,40,45,65,WATER,,0,20547,534,38.47752808988764
595,JOLTIK,,50,47,50,57,50,65,BUG,ELECTRIC,0,22989,304,75.6217105263158
596,GALVANTULA,,70,77,60,97,60,108,BUG,ELECTRIC,0,20935,344,60.85755813953488
597,FERROSEED,,44,50,91,24,86,10,GRASS,STEEL,0,16652,292,57.02739726027397
598,FERROTHORN,,74,94,131,54,116,20,GRASS,STEEL,0,13321,352,37.84375
599,KLINK,,40,55,70,45,60,30,STEEL,,0,19988,284,70.38028169014085
600,KLANG,,60,80,95,70,85,50,STEEL,,0,16464,324,50.81481481481482
601,KLINKLANG,,60,100,115,70,85,90,STEEL,,0,15395,324,47.51543209876543
602,TYNAMO,,35,55,40,45,40,60,ELECTRIC,,0,25577,274,93.34671532846716
603,EELEKTRIK,,65,85,70,75,70,40,ELECTRIC,,0,19249,334,57.631736526946106
604,EELEKTROSS,,85,115,80,105,80,50,ELECTRIC,,0,17751,374,47.462566844919785
605,ELGYEM,,55,55,55,85,55,30,PSYCHIC,,0,21998,314,70.05732484076434
606,BEHEEYEM,,75,75,75,125,95,40,PSYCHIC,,0,17374,354,49.07909604519774
607,LITWICK,,50,30,55,65,55,20,GHOST,FIRE,0,21998,304,72.36184210526316
608,LAMPENT,,60,40,60,95,60,55,GHOST,FIRE,0,20935,324,64.6141975308642
609,CHANDELURE,,60,55,90,145,90,80,GHOST,FIRE,0,16582,324,51.17901234567901
610,AXEW,,46,87,60,30,40,57,DRAGON,,0,22946,296,77.52027027027027
611,FRAXURE,,66,117,70,40,50,67,DRAGON,,0,20877,336,62.13392857142857
612,HAXORUS,,76,147,90,60,70,97,DRAGON,,0,17731,356,49.806179775280896
613,CUBCHOO,,55,70,40,60,40,40,ICE,,0,25577,314,81.45541401273886
614,BEARTIC,,95,130,80,70,80,50,ICE,,0,17751,394,45.05329949238579
615,CRYOGONAL,,80,50,50,95,135,105,ICE,,0,18473,364,50.75
616,SHELMET,,50,40,85,40,65,25,BUG,,0,18379,304,60.45723684210526
617,ACCELGOR,,80,70,40,100,60,145,BUG,,0,23566,364,64.74175824175825
618,STUNFISK,,109,66,84,81,99,32,GROUND,ELECTRIC,0,16486,422,39.06635071090047
619,MIENFOO,,45,85,50,55,50,65,FIGHTING,,0,22989,294,78.1938775510204
620,MIENSHAO,,65,125,60,95,60,105,FIGHTING,,0,20935,334,62.67964071856287
621,DRUDDIGON,,77,120,90,60,90,48,DRAGON,,0,16582,358,46.31843575418994
622,GOLETT,,59,74,50,35,50,35,GROUND,GHOST,0,22989,322,71.3944099378882
623,GOLURK,,89,124,80,55,80,55,GROUND,GHOST,0,17751,382,46.468586387434556
624,PAWNIARD,,45,85,70,40,40,60,DARK,STEEL,0,21999,294,74.8265306122449
625,BISHARP,,65,125,100,60,70,70,DARK,STEEL,0,17092,334,51.17365269461078
626,BOUFFALANT,,95,110,95,40,95,55,NORMAL,,0,15950,394,40.48223350253807
627,RUFFLET,,70,83,50,37,50,60,NORMAL,FLYING,0,22989,344,66.82848837209302
628,BRAVIARY,,100,123,75,57,75,80,NORMAL,FLYING,0,18455,404,45.68069306930693
629,VULLABY,,70,55,75,45,65,60,DARK,FLYING,0,19129,344,55.60755813953488
630,MANDIBUZZ,,110,65,105,55,95,80,DARK,FLYING,0,15376,424,36.264150943396224
631,HEATMOR,,85,97,66,105,66,65,FIRE,,0,19864,374,53.11229946524064
632,DURANT,,58,109,112,48,48,109,BUG,STEEL,0,18282,320,57.13125
633,DEINO,,52,65,50,45,50,38,DARK,DRAGON,0,22989,308,74.6396103896104
634,ZWEILOUS,,72,85,70,65,70,58,DARK,DRAGON,0,19249,348,55.3132183908046
635,HYDREIGON,,92,105,90,125,90,98,DARK,DRAGON,0,16582,388,42.73711340206186
636,LARVESTA,,55,85,55,50,55,60,BUG,FIRE,0,21998,314,70.05732484076434
637,VOLCARONA,,85,60,65,135,105,100,BUG,FIRE,0,17811,374,47.62299465240642
638,COBALION,,91,90,129,90,72,108,STEEL,FIGHTING,0,15575,386,40.34974093264249
639,TERRAKION,,91,129,90,72,90,108,ROCK,FIGHTING,0,16582,386,42.95854922279793
640,VIRIZION,,91,90,72,90,129,108,GRASS,FIGHTING,0,16364,386,42.39378238341969
641,TORNADUS,,79,115,70,125,80,111,FLYING,,0,18609,362,51.4060773480663
642,THUNDURUS,,79,115,70,125,80,111,ELECTRIC,FLYING,0,18609,362,51.4060773480663
643,RESHIRAM,,100,120,100,150,120,90,DRAGON,FIRE,0,14670,404,36.31188118811881
644,ZEKROM,,100,150,120,120,100,90,DRAGON,ELECTRIC,0,14428,404,35.71287128712871
645,LANDORUS,,89,125,90,115,80,101,GROUND,FLYING,0,17091,382,44.74083769633508
646,KYUREM,,125,130,90,130,90,95,DRAGON,ICE,0,16582,454,36.52422907488987
647,KELDEO,,91,72,90,129,90,108,WATER,FIGHTING,0,16582,386,42.95854922279793
648,MELOETTA,,100,77,77,128,128,90,NORMAL,PSYCHIC,0,15937,404,39.448019801980195
649,GENESECT,,71,120,95,120,95,99,BUG,STEEL,0,15950,346,46.09826589595376
650,CHESPIN,,56,61,65,48,45,38,GRASS,,0,21832,316,69.0886075949367
651,QUILLADIN,,61,78,95,56,58,57,GRASS,,0,18282,326,56.079754601226995
652,CHESNAUGHT,,88,107,122,74,75,64,GRASS,FIGHTING,0,15628,380,41.126315789473686
653,FENNEKIN,,40,45,40,62,60,60,FIRE,,0,23566,284,82.97887323943662
654,BRAIXEN,,59,59,58,90,70,73,FIRE,,0,20422,322,63.422360248447205
655,DELPHOX,,75,69,72,114,100,104,FIRE,PSYCHIC,0,17424,354,49.220338983050844
656,FROAKIE,,41,56,40,62,44,71,WATER,,0,25086,286,87.7132867132867
657,FROGADIER,,54,63,52,83,56,97,WATER,,0,22183,312,71.09935897435898
658,GRENINJA,,72,95,67,103,71,122,WATER,DARK,0,19426,348,55.82183908045977
659,BUNNELBY,,38,36,38,32,36,57,NORMAL,,0,26365,280,94.16071428571429
660,DIGGERSBY,,85,56,77,50,77,78,NORMAL,GROUND,0,18160,374,48.55614973262032
661,FLETCHLING,,45,50,43,40,38,62,NORMAL,FLYING,0,25308,294,86.08163265306122
662,FLETCHINDER,,62,73,55,56,52,84,FIRE,FLYING,0,22239,328,67.80182926829268
663,TALONFLAME,,78,81,71,74,69,126,FIRE,FLYING,0,19198,360,53.327777777777776
664,SCATTERBUG,,38,35,40,27,25,35,BUG,,0,27748,280,99.1
665,SPEWPA,,45,22,60,27,30,29,BUG,,0,24293,294,82.62925170068027
666,VIVILLON,,80,52,50,90,50,89,BUG,FLYING,0,22989,364,63.15659340659341
667,LITLEO,,62,50,58,73,54,72,FIRE,NORMAL,0,21679,328,66.09451219512195
668,PYROAR,,86,68,72,109,66,106,FIRE,NORMAL,0,19336,376,51.42553191489362
669,FLABEBE,,44,38,39,61,79,42,FAIRY,,0,22366,292,76.5958904109589
670,FLOETTE,,54,45,47,75,98,52,FAIRY,,0,20239,312,64.86858974358974
671,FLORGES,,78,65,68,112,154,75,FAIRY,,0,16034,360,44.53888888888889
672,SKIDDO,,66,65,48,62,57,52,GRASS,,0,22626,336,67.33928571428571
673,GOGOAT,,123,100,62,97,81,68,GRASS,,0,19291,450,42.86888888888889
674,PANCHAM,,67,82,62,46,48,43,FIGHTING,,0,21836,338,64.60355029585799
675,PANGORO,,95,124,78,69,71,58,FIGHTING,DARK,0,18465,394,46.86548223350254
676,FURFROU,,75,80,60,65,90,102,NORMAL,,0,19047,354,53.80508474576271
677,ESPURR,,62,48,54,63,60,68,PSYCHIC,,0,21616,328,65.90243902439025
678,MEOWSTIC,,74,48,76,83,81,104,PSYCHIC,,0,18066,352,51.32386363636363
679,HONEDGE,,45,80,100,35,37,28,STEEL,GHOST,0,20202,294,68.71428571428571
680,DOUBLADE,,59,110,150,45,49,35,STEEL,GHOST,0,16665,322,51.754658385093165
681,AEGISLASH,,60,50,140,50,140,60,STEEL,GHOST,0,12259,324,37.83641975308642
682,SPRITZEE,,78,52,60,63,65,23,FAIRY,,0,20528,360,57.022222222222226
683,AROMATISSE,,101,72,72,99,89,29,FAIRY,,0,17934,406,44.172413793103445
684,SWIRLIX,,62,48,66,59,57,49,FAIRY,,0,20581,328,62.7469512195122
685,SLURPUFF,,82,80,86,85,75,72,FAIRY,,0,17623,368,47.88858695652174
686,INKAY,,53,54,53,37,46,45,DARK,PSYCHIC,0,23048,310,74.34838709677419
687,MALAMAR,,86,92,88,68,75,73,DARK,PSYCHIC,0,17471,376,46.465425531914896
688,BINACLE,,42,52,67,39,56,50,ROCK,WATER,0,20582,288,71.46527777777777
689,BARBARACLE,,72,105,115,86,68,54,ROCK,WATER,0,16440,348,47.241379310344826
690,SKRELP,,50,60,60,60,60,30,POISON,WATER,0,20935,304,68.86513157894737
691,DRAGALGE,,65,75,90,97,123,44,POISON,DRAGON,0,15213,334,45.547904191616766
692,CLAUNCHER,,50,53,62,58,63,44,WATER,,0,20492,304,67.40789473684211
693,CLAWITZER,,71,73,88,120,89,59,WATER,,0,16680,346,48.20809248554913
694,HELIOPTILE,,44,38,33,61,43,70,ELECTRIC,NORMAL,0,26371,292,90.31164383561644
695,HELIOLISK,,62,55,52,109,94,109,ELECTRIC,NORMAL,0,19733,328,60.16158536585366
696,TYRUNT,,58,89,77,45,45,48,ROCK,DRAGON,0,20781,320,64.940625
697,TYRANTRUM,,82,121,119,69,59,71,ROCK,DRAGON,0,16934,368,46.016304347826086
698,AMAURA,,77,59,50,67,63,46,ROCK,ICE,0,21852,358,61.039106145251395
699,AURORUS,,123,77,72,99,92,58,ROCK,ICE,0,17777,450,39.504444444444445
700,SYLVEON,,95,65,65,110,130,60,FAIRY,,0,16896,394,42.88324873096447
701,HAWLUCHA,,78,92,75,74,63,118,FIGHTING,FLYING,0,19288,360,53.577777777777776
702,DEDENNE,,67,58,57,81,67,101,ELECTRIC,FAIRY,0,20733,338,61.34023668639053
703,CARBINK,,50,50,150,50,150,50,ROCK,FAIRY,0,11654,304,38.33552631578947
704,GOOMY,,45,50,35,55,75,40,DRAGON,,0,23302,294,79.25850340136054
705,SLIGGOO,,68,75,53,83,113,60,DRAGON,,0,18827,340,55.37352941176471
706,GOODRA,,90,100,70,110,150,80,DRAGON,,0,15958,384,41.557291666666664
707,KLEFKI,,57,80,91,80,87,75,STEEL,FAIRY,0,16600,318,52.20125786163522
708,PHANTUMP,,43,70,48,50,60,38,GHOST,GRASS,0,22379,290,77.16896551724138
709,TREVENANT,,85,110,76,65,82,56,GHOST,GRASS,0,18018,374,48.1764705882353
710,PUMPKABOO,,49,66,70,44,55,51,GHOST,GRASS,0,20445,302,67.69867549668874
711,GOURGEIST,,65,90,122,58,75,84,GHOST,GRASS,0,15628,334,46.790419161676645
712,BERGMITE,,55,69,85,32,35,28,ICE,,0,21420,314,68.21656050955414
713,AVALUGG,,95,117,184,44,46,28,ICE,,0,16062,394,40.766497461928935
714,NOIBAT,,40,30,35,45,40,55,FLYING,DRAGON,0,26394,284,92.93661971830986
715,NOIVERN,,85,70,80,97,80,123,FLYING,DRAGON,0,17751,374,47.462566844919785
716,XERNEAS,,126,131,95,131,98,99,FAIRY,,0,15815,456,34.68201754385965
717,YVELTAL,,126,131,95,131,98,99,DARK,FLYING,0,15815,456,34.68201754385965
718,ZYGARDE,,108,100,121,81,95,95,DRAGON,GROUND,0,14604,420,34.77142857142857
719,DIANCIE,,50,100,150,100,150,50,ROCK,FAIRY,0,11654,304,38.33552631578947
720,HOOPA,,80,110,60,150,130,70,PSYCHIC,GHOST,0,17416,364,47.84615384615385
721,VOLCANION,,80,110,120,130,90,70,FIRE,WATER,0,14922,364,40.994505494505496
722,ROWLET,,68,55,55,50,50,42,GRASS,FLYING,0,22430,340,65.97058823529412
723,DARTRIX,,78,75,75,70,70,52,GRASS,FLYING,0,18797,360,52.21388888888889
724,DECIDUEYE,,78,107,75,100,100,70,GRASS,GHOST,0,17154,360,47.65
725,LITTEN,,45,65,40,60,40,70,FIRE,,0,25577,294,86.99659863945578
726,TORRACAT,,65,85,50,80,50,90,FIRE,,0,22989,334,68.82934131736526
727,INCINEROAR,,95,115,90,80,90,60,FIRE,DARK,0,16582,394,42.08629441624365
728,POPPLIO,,50,54,54,66,56,40,WATER,,0,21956,304,72.22368421052632
729,BRIONNE,,60,69,69,91,81,50,WATER,,0,18602,324,57.41358024691358
730,PRIMARINA,,80,74,74,126,116,60,WATER,FAIRY,0,16615,364,45.645604395604394
731,PIKIPEK,,35,75,30,30,30,65,NORMAL,FLYING,0,28674,274,104.64963503649635
732,TRUMBEAK,,55,85,50,40,50,75,NORMAL,FLYING,0,22989,314,73.21337579617834
733,TOUCANNON,,80,120,75,75,75,60,NORMAL,FLYING,0,18455,364,50.70054945054945
734,YUNGOOS,,48,70,30,30,30,45,NORMAL,,0,28674,300,95.58
735,GUMSHOOS,,88,110,60,55,60,45,NORMAL,,0,20935,380,55.0921052631579
736,GRUBBIN,,47,62,45,55,45,46,BUG,,0,24204,298,81.22147651006712
737,CHARJABUG,,57,82,95,55,75,36,BUG,ELECTRIC,0,17031,318,53.556603773584904
738,VIKAVOLT,,77,70,90,145,75,43,BUG,ELECTRIC,0,17389,358,48.572625698324025
739,CRABRAWLER,,47,82,57,42,47,63,FIGHTING,,0,22490,298,75.46979865771812
740,CRABOMINABLE,,97,132,77,62,67,43,FIGHTING,ICE,0,18832,398,47.31658291457286
741,ORICORIO,,75,70,70,98,70,93,FIRE,FLYING,0,19249,354,54.37570621468927
742,CUTIEFLY,,40,45,40,55,40,84,BUG,FAIRY,0,25577,284,90.05985915492958
743,RIBOMBEE,,60,55,60,95,70,124,BUG,FAIRY,0,20196,324,62.333333333333336
744,ROCKRUFF,,45,65,40,30,40,60,ROCK,,0,25577,294,86.99659863945578
745,LYCANROC,,75,115,65,55,65,112,ROCK,,0,20008,354,56.51977401129943
746,WISHIWASHI,,45,20,20,25,25,40,WATER,,0,31804,294,108.17687074829932
747,MAREANIE,,50,53,62,43,52,45,POISON,WATER,0,21438,304,70.51973684210526
748,TOXAPEX,,50,63,152,53,142,35,POISON,WATER,0,11795,304,38.79934210526316
749,MUDBRAY,,70,100,70,45,55,45,GROUND,,0,20445,344,59.43313953488372
750,MUDSDALE,,100,125,100,55,85,35,GROUND,,0,16183,404,40.056930693069305
751,DEWPIDER,,38,40,52,40,72,27,WATER,BUG,0,20973,280,74.90357142857142
752,ARAQUANID,,68,70,92,50,132,42,WATER,BUG,0,14752,340,43.38823529411765
753,FOMANTIS,,40,55,35,50,35,35,GRASS,,0,27017,284,95.13028169014085
754,LURANTIS,,70,105,90,80,90,45,GRASS,,0,16582,344,48.20348837209303
755,MORELULL,,40,35,55,65,75,15,GRASS,FAIRY,0,20460,284,72.04225352112677
756,SHIINOTIC,,60,45,80,90,100,30,GRASS,FAIRY,0,16748,324,51.69135802469136
757,SALANDIT,,48,44,40,71,40,77,POISON,FIRE,0,25577,300,85.25666666666666
758,SALAZZLE,,68,64,60,111,60,117,POISON,FIRE,0,20935,340,61.5735294117647
759,STUFFUL,,70,75,50,45,50,50,NORMAL,FIGHTING,0,22989,344,66.82848837209302
760,BEWEAR,,120,125,80,55,60,60,NORMAL,FIGHTING,0,19130,444,43.085585585585584
761,BOUNSWEET,,42,30,38,30,38,32,GRASS,,0,26098,288,90.61805555555556
762,STEENEE,,52,40,48,40,48,62,GRASS,,0,23475,308,76.21753246753246
763,TSAREENA,,72,120,98,50,98,72,GRASS,,0,15651,348,44.974137931034484
764,COMFEY,,51,52,90,82,110,100,FAIRY,,0,15667,306,51.19934640522876
765,ORANGURU,,90,60,80,90,110,60,NORMAL,PSYCHIC,0,16327,384,42.518229166666664
766,PASSIMIAN,,100,120,90,40,60,80,FIGHTING,,0,18470,404,45.71782178217822
767,WIMPOD,,25,35,40,20,30,80,BUG,WATER,0,26924,254,106.0
768,GOLISOPOD,,75,125,140,60,90,40,BUG,WATER,0,14138,354,39.93785310734463
769,SANDYGAST,,55,55,80,70,45,15,GHOST,GROUND,0,20547,314,65.43630573248407
770,PALOSSAND,,85,75,110,100,75,35,GHOST,GROUND,0,16201,374,43.31818181818182
771,PYUKUMUKU,,55,60,130,30,130,5,WATER,,0,12831,314,40.86305732484077
772,TYPENULL,,95,95,95,95,95,59,NORMAL,,0,15950,394,40.48223350253807
773,SILVALLY,,95,95,95,95,95,95,NORMAL,,0,15950,394,40.48223350253807
774,MINIOR,,60,60,100,60,100,60,ROCK,FLYING,0,15449,324,47.6820987654321
775,KOMALA,,65,115,65,75,95,65,NORMAL,,0,18253,334,54.6497005988024
776,TURTONATOR,,60,78,135,91,85,36,FIRE,DRAGON,0,14564,324,44.95061728395062
777,TOGEDEMARU,,65,98,63,40,73,96,ELECTRIC,STEEL,0,19675,334,58.90718562874252
778,MIMIKYU,,55,90,80,50,105,96,GHOST,FAIRY,0,16526,314,52.63057324840764
779,BRUXISH,,68,105,70,70,70,92,WATER,PSYCHIC,0,19249,340,56.61470588235294
780,DRAMPA,,78,60,85,135,91,36,NORMAL,DRAGON,0,16816,360,46.71111111111111
781,DHELMISE,,70,131,100,86,90,40,GHOST,GRASS,0,15943,344,46.34593023255814
782,JANGMOO,,45,55,65,45,45,45,DRAGON,,0,21832,294,74.25850340136054
783,HAKAMOO,,55,75,90,65,70,65,DRAGON,FIGHTING,0,17731,314,56.468152866242036
784,KOMMOO,,75,110,125,100,105,85,DRAGON,FIGHTING,0,13978,354,39.48587570621469
785,TAPUKOKO,,70,115,85,95,75,130,ELECTRIC,FAIRY,0,17705,344,51.468023255813954
786,TAPULELE,,70,85,75,130,115,95,PSYCHIC,FAIRY,0,16545,344,48.09593023255814
787,TAPUBULU,,70,130,115,85,95,75,GRASS,FAIRY,0,14881,344,43.258720930232556
788,TAPUFINI,,70,75,115,95,130,85,WATER,FAIRY,0,13524,344,39.31395348837209
789,COSMOG,,43,29,31,29,31,37,PSYCHIC,,0,28355,290,97.77586206896552
790,COSMOEM,,43,29,131,131,37,37,PSYCHIC,,0,18718,290,64.54482758620689
791,SOLGALEO,,137,137,107,113,89,97,PSYCHIC,STEEL,0,15603,478,32.64225941422594
792,LUNALA,,137,113,89,137,107,97,PSYCHIC,GHOST,0,15838,478,33.13389121338912
793,NIHILEGO,,109,53,47,127,131,103,ROCK,POISON,0,19015,422,45.05924170616114
794,BUZZWOLE,,107,139,139,53,53,79,BUG,FIGHTING,0,16649,418,39.83014354066986
795,PHEROMOSA,,71,137,37,137,37,151,BUG,FIGHTING,0,26411,346,76.33236994219654
796,XURKITREE,,83,89,71,173,71,83,ELECTRIC,,0,19068,370,51.535135135135135
797,CELESTEELA,,97,101,103,107,101,61,STEEL,FLYING,0,15207,398,38.20854271356784
798,KARTANA,,59,181,131,59,31,109,GRASS,STEEL,0,19562,322,60.75155279503105
799,GUZZLORD,,223,101,53,97,53,43,DARK,DRAGON,0,22361,650,34.401538461538465
800,NECROZMA,,97,107,101,127,89,79,PSYCHIC,,0,15894,398,39.93467336683417
801,MAGEARNA,,80,95,115,130,115,65,STEEL,FAIRY,0,14052,364,38.604395604395606
802,MARSHADOW,,90,125,80,90,90,125,FIGHTING,GHOST,0,17242,384,44.901041666666664
803,POIPOLE,,67,73,67,73,67,73,POISON,,0,19710,338,58.31360946745562
804,NAGANADEL,,73,73,73,127,73,121,POISON,DRAGON,0,18780,350,53.65714285714286
805,STAKATAKA,,61,131,211,53,101,13,ROCK,STEEL,0,11760,326,36.07361963190184
806,BLACEPHALON,,53,127,53,151,79,107,FIRE,GHOST,0,20418,310,65.86451612903225
807,ZERAORA,,88,112,75,102,80,143,ELECTRIC,,0,18157,380,47.78157894736842
808,MELTAN,,46,65,65,55,35,34,STEEL,,0,23049,296,77.86824324324324
809,MELMETAL,,135,143,143,80,65,34,STEEL,,0,15517,474,32.73628691983122
810,GROOKEY,,50,65,50,40,40,65,GRASS,,0,24111,304,79.3125
811,THWACKEY,,70,85,70,55,60,80,GRASS,,0,19988,344,58.104651162790695
812,RILLABOOM,,100,125,90,60,70,85,GRASS,,0,17731,404,43.88861386138614
813,SCORBUNNY,,50,71,40,40,40,69,FIRE,,0,25577,304,84.13486842105263
814,RABOOT,,65,86,60,55,60,94,FIRE,,0,20935,334,62.67964071856287
815,CINDERACE,,80,116,75,65,75,119,FIRE,,0,18455,364,50.70054945054945
816,SOBBLE,,50,40,40,70,40,70,WATER,,0,25577,304,84.13486842105263
817,DRIZZILE,,65,60,55,95,55,90,WATER,,0,21998,334,65.8622754491018
818,INTELEON,,70,85,65,125,65,120,WATER,,0,20008,344,58.16279069767442
819,SKWOVET,,70,55,55,35,35,25,NORMAL,,0,24175,344,70.27616279069767
820,GREEDENT,,120,95,95,55,75,20,NORMAL,,0,17031,444,38.358108108108105
821,ROOKIDEE,,38,47,35,33,35,57,FLYING,,0,27017,280,96.48928571428571
822,CORVISQUIRE,,68,67,55,43,55,77,FLYING,,0,21998,340,64.7
823,CORVIKNIGHT,,98,87,105,53,85,67,FLYING,STEEL,0,15890,400,39.725
824,BLIPBUG,,25,20,20,25,45,45,BUG,,0,29039,254,114.3267716535433
825,DOTTLER,,50,35,80,50,90,30,BUG,PSYCHIC,0,17242,304,56.7171052631579
826,ORBEETLE,,60,45,110,80,120,90,BUG,PSYCHIC,0,14121,324,43.583333333333336
827,NICKIT,,40,28,28,52,47,50,DARK,,0,26963,284,94.94014084507042
828,THIEVUL,,70,58,58,92,87,90,DARK,,0,19398,344,56.38953488372093
829,GOSSIFLEUR,,40,40,60,40,60,10,GRASS,,0,20935,284,73.71478873239437
830,ELDEGOSS,,60,50,90,80,120,60,GRASS,,0,15309,324,47.25
831,WOOLOO,,42,40,55,40,45,48,NORMAL,,0,22958,288,79.71527777777777
832,DUBWOOL,,72,80,100,60,90,88,NORMAL,,0,15943,348,45.8132183908046
833,CHEWTLE,,50,64,50,38,38,44,WATER,,0,24340,304,80.0657894736842
834,DREDNAW,,90,115,90,48,68,74,WATER,ROCK,0,17867,384,46.528645833333336
835,YAMPER,,59,45,50,40,50,26,ELECTRIC,,0,22989,322,71.3944099378882
836,BOLTUND,,69,90,60,90,60,121,ELECTRIC,,0,20935,342,61.21345029239766
837,ROLYCOLY,,30,40,50,40,50,30,ROCK,,0,22989,264,87.07954545454545
838,CARKOL,,80,60,90,60,70,50,ROCK,FIRE,0,17731,364,48.71153846153846
839,COALOSSAL,,110,80,120,80,90,30,ROCK,FIRE,0,14922,424,35.193396226415096
840,APPLIN,,40,40,80,40,40,20,GRASS,DRAGON,0,21141,284,74.44014084507042
841,FLAPPLE,,70,110,80,95,60,70,GRASS,DRAGON,0,19130,344,55.61046511627907
842,APPLETUN,,110,85,80,100,80,30,GRASS,DRAGON,0,17751,424,41.865566037735846
843,SILICOBRA,,52,57,75,35,50,46,GROUND,,0,20425,308,66.31493506493507
844,SANDACONDA,,72,107,125,65,70,71,GROUND,,0,15843,348,45.525862068965516
845,CRAMORANT,,70,85,55,85,95,85,FLYING,WATER,0,19379,344,56.3343023255814
846,ARROKUDA,,41,63,40,40,30,66,WATER,,0,26924,286,94.13986013986013
847,BARRASKEWDA,,61,123,60,60,50,136,WATER,,0,21824,326,66.94478527607362
848,TOXEL,,40,38,35,54,35,40,ELECTRIC,POISON,0,27017,284,95.13028169014085
849,TOXTRICITY,,75,98,70,114,70,75,ELECTRIC,POISON,0,19249,354,54.37570621468927
850,SIZZLIPEDE,,50,65,45,50,50,45,FIRE,BUG,0,23676,304,77.88157894736842
851,CENTISKORCH,,100,115,65,90,90,65,FIRE,BUG,0,18527,404,45.85891089108911
852,CLOBBOPUS,,50,68,60,50,50,32,FIGHTING,,0,21824,304,71.78947368421052
853,GRAPPLOCT,,80,118,90,70,80,42,FIGHTING,,0,17091,364,46.9532967032967
854,SINISTEA,,40,45,45,74,54,50,GHOST,,0,23305,284,82.05985915492958
855,POLTEAGEIST,,60,65,65,134,114,70,GHOST,,0,17472,324,53.925925925925924
856,HATENNA,,42,30,45,56,53,39,PSYCHIC,,0,23402,288,81.25694444444444
857,HATTREM,,57,40,65,86,73,49,PSYCHIC,,0,19475,318,61.242138364779876
858,HATTERENE,,57,90,95,136,103,29,PSYCHIC,FAIRY,0,15591,318,49.028301886792455
859,IMPIDIMP,,45,45,30,55,40,50,DARK,FAIRY,0,27327,294,92.94897959183673
860,MORGREM,,65,60,45,75,55,70,DARK,FAIRY,0,23244,334,69.59281437125749
861,GRIMMSNARL,,95,120,65,95,75,60,DARK,FAIRY,0,19334,394,49.07106598984772
862,OBSTAGOON,,93,90,101,60,81,95,DARK,NORMAL,0,16317,390,41.83846153846154
863,PERRSERKER,,70,110,100,50,60,50,STEEL,,0,17831,344,51.8343023255814
864,CURSOLA,,60,95,50,145,130,30,GHOST,,0,18581,324,57.348765432098766
865,SIRFETCHD,,62,135,95,68,82,65,FIGHTING,,0,16615,328,50.65548780487805
866,MRRIME,,80,85,75,110,100,70,ICE,PSYCHIC,0,17154,364,47.12637362637363
867,RUNERIGUS,,58,95,145,50,105,30,GROUND,GHOST,0,13240,320,41.375
868,MILCERY,,45,40,40,50,61,34,FAIRY,,0,23481,294,79.86734693877551
869,ALCREMIE,,65,60,75,110,121,64,FAIRY,,0,16338,334,48.91616766467066
870,FALINKS,,65,100,100,70,60,75,FIGHTING,,0,17831,334,53.38622754491018
871,PINCURCHIN,,48,101,95,91,85,15,ELECTRIC,,0,16464,300,54.88
872,SNOM,,30,25,35,45,30,20,ICE,BUG,0,27741,264,105.07954545454545
873,FROSMOTH,,70,65,60,125,90,65,ICE,BUG,0,19047,344,55.36918604651163
874,STONJOURNER,,100,125,135,20,20,70,ROCK,,0,21341,404,52.82425742574257
875,EISCUE,,75,80,110,65,90,50,ICE,,0,15394,354,43.48587570621469
876,INDEEDEE,,60,65,55,105,95,95,PSYCHIC,NORMAL,0,19379,324,59.81172839506173
877,MORPEKO,,58,95,58,70,58,97,ELECTRIC,DARK,0,21331,320,66.659375
878,CUFANT,,72,80,49,40,49,40,STEEL,,0,23193,348,66.64655172413794
879,COPPERAJAH,,122,130,69,80,69,30,STEEL,,0,19365,448,43.22544642857143
880,DRACOZOLT,,90,100,90,80,70,75,ELECTRIC,DRAGON,0,17731,384,46.174479166666664
881,ARCTOZOLT,,90,100,90,90,80,55,ELECTRIC,ICE,0,17091,384,44.5078125
882,DRACOVISH,,90,90,100,70,80,75,WATER,DRAGON,0,16452,384,42.84375
883,ARCTOVISH,,90,90,100,80,90,55,WATER,ICE,0,15943,384,41.518229166666664
884,DURALUDON,,70,95,115,120,50,85,STEEL,DRAGON,0,17932,344,52.127906976744185
885,DREEPY,,28,60,30,40,30,82,DRAGON,GHOST,0,28674,260,110.28461538461538
886,DRAKLOAK,,68,80,50,60,50,102,DRAGON,GHOST,0,22989,340,67.61470588235294
887,DRAGAPULT,,88,120,75,100,75,142,DRAGON,GHOST,0,18455,380,48.56578947368421
888,ZACIAN,,92,120,115,80,115,138,FAIRY,,0,14052,388,36.21649484536083
889,ZAMAZENTA,,92,120,115,80,115,138,FIGHTING,,0,14052,388,36.21649484536083
890,ETERNATUS,,140,85,95,145,95,130,POISON,DRAGON,0,15950,484,32.95454545454545
891,KUBFU,,60,90,60,53,50,72,FIGHTING,,0,21824,324,67.35802469135803
892,URSHIFU,,100,130,100,63,60,97,FIGHTING,DARK,0,17831,404,44.136138613861384
893,ZARUDE,,105,120,105,70,95,105,DARK,GRASS,0,15376,414,37.14009661835749
894,REGIELEKI,,80,100,50,100,50,200,ELECTRIC,,0,22989,364,63.15659340659341
895,REGIDRAGO,,200,100,50,100,50,80,DRAGON,,0,22989,604,38.061258278145694
896,GLASTRIER,,100,145,130,65,110,30,ICE,,0,13547,404,33.53217821782178
897,SPECTRIER,,100,65,60,145,80,130,GHOST,,0,19556,404,48.40594059405941
898,CALYREX,,100,80,80,80,80,80,PSYCHIC,GRASS,0,17751,404,43.93811881188119
899,WYRDEER,,103,105,72,105,75,65,NORMAL,PSYCHIC,0,18725,410,45.670731707317074
900,KLEAVOR,,70,130,95,45,75,85,BUG,ROCK,0,17031,344,49.508720930232556
901,URSALUNA,,130,140,105,45,80,50,NORMAL,GROUND,0,16159,464,34.82543103448276
902,BASCULEGION,,120,112,65,80,75,78,WATER,GHOST,0,19334,444,43.54504504504504
903,SNEASLER,,80,130,60,40,80,120,FIGHTING,POISON,0,19556,364,53.72527472527472
904,OVERQWIL,,85,115,95,65,65,85,DARK,POISON,0,17705,374,47.339572192513366
905,ENAMORUS,,74,115,70,135,80,106,FAIRY,FLYING,0,18609,352,52.86647727272727
906,SPRIGATITO,,40,61,54,45,45,65,GRASS,,0,23033,284,81.10211267605634
907,FLORAGATO,,61,80,63,60,63,83,GRASS,,0,20367,326,62.47546012269939
908,MEOWSCARADA,,76,110,70,81,70,123,GRASS,DARK,0,19249,356,54.07022471910113
909,FUECOCO,,67,45,59,63,40,36,FIRE,,0,23053,338,68.20414201183432
910,CROCALOR,,81,55,78,90,58,49,FIRE,,0,19451,366,53.1448087431694
911,SKELEDIRGE,,104,75,100,110,75,66,FIRE,GHOST,0,16750,412,40.65533980582524
912,QUAXLY,,55,65,45,50,45,50,WATER,,0,24204,314,77.0828025477707
913,QUAXWELL,,70,85,65,65,60,65,WATER,,0,20415,344,59.34593023255814
914,QUAQUAVAL,,85,120,80,85,75,85,WATER,FIGHTING,0,18049,374,48.25935828877005
915,LECHONK,,54,45,40,35,45,35,NORMAL,,0,24983,312,80.07371794871794
916,OINKOLOGNE,,110,100,75,59,80,65,NORMAL,,0,18157,424,42.823113207547166
917,TAROUNTULA,,35,41,45,29,40,20,BUG,,0,24798,274,90.5036496350365
918,SPIDOPS,,60,79,92,52,86,35,BUG,,0,16583,324,51.1820987654321
919,NYMBLE,,33,46,40,21,25,45,BUG,,0,27748,270,102.77037037037037
920,LOKIX,,71,102,78,52,55,92,BUG,DARK,0,19738,346,57.04624277456647
921,PAWMI,,45,50,20,40,25,60,ELECTRIC,,0,31804,294,108.17687074829932
922,PAWMO,,60,75,40,50,40,85,ELECTRIC,FIGHTING,0,25577,324,78.94135802469135
923,PAWMOT,,70,115,70,70,60,105,ELECTRIC,FIGHTING,0,19988,344,58.104651162790695
924,CLODSIRE,,130,75,60,45,100,20,POISON,GROUND,0,18553,464,39.984913793103445
925,TANDEMAUS,,50,50,45,40,45,75,NORMAL,,0,24204,304,79.61842105263158
926,MAUSHOLD,,74,75,70,65,75,111,NORMAL,,0,18907,352,53.71306818181818
927,FIDOUGH,,37,55,70,30,55,65,FAIRY,,0,20445,278,73.5431654676259
928,DACHSBUN,,57,80,115,50,80,95,FAIRY,,0,15664,318,49.257861635220124
929,SMOLIV,,41,35,45,58,51,30,GRASS,NORMAL,0,23563,286,82.3881118881119
930,DOLLIV,,52,53,60,78,78,33,GRASS,NORMAL,0,19672,308,63.87012987012987
931,ARBOLIVA,,78,69,90,125,109,39,GRASS,NORMAL,0,15708,360,43.63333333333333
932,SQUAWKABILLY,,82,96,51,45,51,92,NORMAL,FLYING,0,22729,368,61.76358695652174
933,NACLI,,55,55,75,35,35,25,ROCK,,0,22170,314,70.60509554140127
934,NACLSTACK,,60,60,100,35,65,35,ROCK,,0,17424,324,53.77777777777778
935,GARGANACL,,100,100,130,45,90,35,ROCK,,0,14462,404,35.7970297029703
936,ANNIHILAPE,,110,115,80,50,90,90,FIGHTING,GHOST,0,17242,424,40.66509433962264
937,CHARCADET,,40,50,40,50,40,35,FIRE,,0,25577,284,90.05985915492958
938,ARMAROUGE,,85,60,100,125,80,75,FIRE,PSYCHIC,0,16452,374,43.98930481283423
939,CERULEDGE,,75,125,80,60,100,85,FIRE,GHOST,0,16748,354,47.31073446327684
940,TADBULB,,61,31,41,59,35,45,ELECTRIC,,0,26024,326,79.8282208588957
941,BELLIBOLT,,109,64,91,103,83,45,ELECTRIC,,0,16807,422,39.82701421800948
942,WATTREL,,40,40,35,55,40,70,ELECTRIC,FLYING,0,26394,284,92.93661971830986
943,KILOWATTREL,,70,70,60,105,60,125,ELECTRIC,FLYING,0,20935,344,60.85755813953488
944,DUDUNSPARCE,,125,100,80,85,75,55,NORMAL,,0,18049,454,39.75550660792952
945,FARIGIRAF,,120,90,70,110,70,60,NORMAL,PSYCHIC,0,19249,444,43.3536036036036
946,MASCHIFF,,60,78,60,40,51,51,DARK,,0,21711,324,67.00925925925925
947,MABOSSTIFF,,80,120,90,60,70,85,DARK,,0,17731,364,48.71153846153846
948,SHROODLE,,40,65,35,40,35,75,POISON,NORMAL,0,27017,284,95.13028169014085
949,GRAFAIAI,,63,95,65,80,72,110,POISON,NORMAL,0,19545,330,59.22727272727273
950,BRAMBLIN,,40,65,30,45,35,60,GRASS,GHOST,0,27950,284,98.41549295774648
951,BRAMBLEGHAST,,55,115,70,80,70,90,GRASS,GHOST,0,19249,314,61.302547770700635
952,TOEDSCOOL,,40,40,35,50,100,70,GROUND,GRASS,0,22001,284,77.46830985915493
953,TOEDSCRUEL,,80,70,65,80,120,100,GROUND,GRASS,0,17254,364,47.4010989010989
954,KLAWF,,70,100,115,35,55,75,ROCK,,0,17500,344,50.872093023255815
955,CAPSAKID,,50,62,40,62,40,50,GRASS,,0,25577,304,84.13486842105263
956,SCOVILLAIN,,65,108,65,108,65,75,GRASS,FIRE,0,20008,334,59.90419161676647
957,RELLOR,,41,50,60,31,58,30,BUG,,0,21105,286,73.7937062937063
958,RABSCA,,75,50,85,115,100,45,BUG,PSYCHIC,0,16404,354,46.33898305084746
959,FLITTLE,,30,35,30,55,30,75,PSYCHIC,,0,28674,264,108.61363636363636
960,ESPATHRA,,95,60,60,101,60,105,PSYCHIC,,0,20935,394,53.13451776649746
961,TINKATINK,,50,45,45,35,64,58,FAIRY,STEEL,0,22463,304,73.89144736842105
962,TINKATUFF,,65,55,55,45,82,78,FAIRY,STEEL,0,20044,334,60.01197604790419
963,TINKATON,,85,75,77,70,105,94,FAIRY,STEEL,0,16760,374,44.81283422459893
964,WIGLETT,,10,55,25,35,25,95,WATER,,0,30575,224,136.49553571428572
965,WUGTRIO,,35,100,50,50,70,120,WATER,,0,21361,274,77.95985401459853
966,BOMBIRDIER,,70,103,85,60,85,82,FLYING,DARK,0,17138,344,49.81976744186046
967,FINIZEN,,70,45,40,45,40,75,WATER,,0,25577,344,74.35174418604652
968,PALAFIN,,100,70,72,53,62,100,WATER,,0,19645,404,48.62623762376238
969,VAROOM,,45,70,63,30,45,47,STEEL,POISON,0,22032,294,74.93877551020408
970,REVAVROOM,,80,119,90,54,67,90,STEEL,POISON,0,17938,364,49.28021978021978
971,CYCLIZAR,,70,95,65,85,65,121,DRAGON,NORMAL,0,20008,344,58.16279069767442
972,ORTHWORM,,70,85,145,60,55,65,STEEL,,0,16301,344,47.38662790697674
973,GLIMMET,,48,35,42,105,60,60,ROCK,POISON,0,23218,300,77.39333333333333
974,GLIMMORA,,83,55,90,130,81,86,ROCK,POISON,0,17021,370,46.002702702702706
975,GREAVARD,,50,61,60,30,55,34,GHOST,,0,21392,304,70.36842105263158
976,HOUNDSTONE,,72,101,100,50,97,68,GHOST,,0,15579,348,44.76724137931034
977,FLAMIGO,,82,115,74,75,64,90,FLYING,FIGHTING,0,19317,368,52.49184782608695
978,CETODDLE,,108,68,45,30,40,43,ICE,,0,24798,420,59.042857142857144
979,CETITAN,,170,113,65,45,55,73,ICE,,0,20872,544,38.36764705882353
980,KINGAMBIT,,100,135,120,60,85,50,DARK,STEEL,0,15162,404,37.52970297029703
981,VELUZA,,90,102,73,78,65,70,WATER,PSYCHIC,0,19313,384,50.294270833333336
982,DONDOZO,,150,100,115,65,65,35,WATER,,0,16636,504,33.007936507936506
983,TATSUGIRI,,68,50,60,120,95,82,DRAGON,WATER,0,18773,340,55.21470588235294
984,GREATTUSK,,115,131,131,53,53,87,GROUND,FIGHTING,0,16962,434,39.08294930875576
985,SCREAMTAIL,,115,65,99,65,115,111,FAIRY,PSYCHIC,0,14878,434,34.28110599078341
986,BRUTEBONNET,,111,127,99,79,99,55,GRASS,DARK,0,15520,426,36.431924882629104
987,FLUTTERMANE,,55,55,55,135,135,135,GHOST,FAIRY,0,17914,314,57.05095541401274
988,SLITHERWING,,85,135,79,85,105,81,BUG,FIGHTING,0,16607,374,44.403743315508024
989,SANDYSHOCKS,,85,81,97,121,85,101,ELECTRIC,GROUND,0,16346,374,43.705882352941174
990,IRONTREADS,,90,112,120,72,70,106,GROUND,STEEL,0,16071,384,41.8515625
991,IRONBUNDLE,,56,80,114,124,60,136,ICE,WATER,0,17095,316,54.098101265822784
992,IRONHANDS,,154,140,108,50,68,50,FIGHTING,ELECTRIC,0,16742,512,32.69921875
993,IRONJUGULIS,,94,80,86,122,80,108,DARK,FLYING,0,17325,392,44.19642857142857
994,IRONMOTH,,80,70,60,140,110,110,FIRE,POISON,0,18132,364,49.81318681318681
995,IRONTHORNS,,100,134,110,70,84,72,ROCK,ELECTRIC,0,15674,404,38.7970297029703
996,FRIGIBAX,,65,75,45,35,45,55,DRAGON,ICE,0,24204,334,72.46706586826348
997,ARCTIBAX,,90,95,66,45,65,62,DRAGON,ICE,0,19927,384,51.893229166666664
998,BAXCALIBUR,,115,145,92,75,86,87,DRAGON,ICE,0,16583,434,38.20967741935484
999,GIMMIGHOUL,,45,30,70,75,70,10,GHOST,,0,19249,294,65.47278911564626
1000,GHOLDENGO,,87,60,95,133,91,84,STEEL,GHOST,0,16142,378,42.7037037037037
1001,WOCHIEN,,85,85,100,95,135,70,DARK,GRASS,0,14204,374,37.97860962566845
1002,CHIENPAO,,80,120,80,90,65,135,DARK,ICE,0,18723,364,51.43681318681319
1003,TINGLU,,155,110,125,55,80,45,DARK,GROUND,0,15203,514,29.57782101167315
1004,CHIYU,,55,80,80,135,120,100,DARK,FIRE,0,15969,314,50.85668789808917
1005,ROARINGMOON,,105,139,71,55,101,119,DRAGON,DARK,0,17456,414,42.16425120772947
1006,IRONVALIANT,,74,130,90,120,60,116,FAIRY,FIGHTING,0,18470,352,52.47159090909091
1007,KORAIDON,,100,135,115,85,100,135,FIGHTING,DRAGON,0,14661,404,36.289603960396036
1008,MIRAIDON,,100,85,100,135,115,135,ELECTRIC,DRAGON,0,14840,404,36.73267326732673
1009,WALKINGWAKE,,99,83,91,125,83,109,WATER,DRAGON,0,16807,402,41.808457711442784
1010,IRONLEAVES,,90,130,88,70,108,104,GRASS,PSYCHIC,0,15801,384,41.1484375
1011,DIPPLIN,,80,80,110,95,90,40,GRASS,DRAGON,0,15394,364,42.29120879120879
1012,POLTCHAGEIST,,40,45,45,74,54,50,GRASS,GHOST,0,23305,284,82.05985915492958
1013,SINISTCHA,,71,60,106,121,80,70,GRASS,GHOST,0,16102,346,46.53757225433526
1014,OKIDOGI,,88,128,115,58,86,80,POISON,FIGHTING,0,15332,380,40.34736842105263
1015,MUNKIDORI,,88,75,66,130,90,106,POISON,PSYCHIC,0,18446,380,48.54210526315789
1016,FEZANDIPITI,,88,91,82,70,125,99,POISON,FAIRY,0,15642,380,41.16315789473684
1017,OGERPON,,80,120,84,60,96,110,GRASS,,0,16624,364,45.67032967032967
1018,ARCHALUDON,,90,105,130,125,65,85,STEEL,DRAGON,0,15943,384,41.518229166666664
1019,HYDRAPPLE,,106,80,110,80,44,120,GRASS,DRAGON,0,18802,416,45.19711538461539
1020,GOUGINGFIRE,,105,115,121,65,93,91,FIRE,DRAGON,0,14694,414,35.492753623188406
1021,RAGINGBOLT,,125,73,91,137,89,75,ELECTRIC,DRAGON,0,16491,454,36.32378854625551
1022,IRONBOULDER,,90,120,80,68,108,124,ROCK,PSYCHIC,0,16379,384,42.653645833333336
1023,IRONCROWN,,90,72,100,122,108,98,STEEL,PSYCHIC,0,15080,384,39.270833333333336
1024,TERAPAGOS,,90,65,85,65,85,60,NORMAL,,0,17138,384,44.630208333333336
1025,PECHARUNT,,88,88,160,88,88,88,POISON,GHOST,0,13497,380,35.51842105263158
3,VENUSAUR_1,Mega Venusaur,80,100,123,122,120,80,GRASS,POISON,0,13521,364,37.145604395604394
6,CHARIZARD_1,Mega Charizard X,78,130,111,130,85,100,FIRE,DRAGON,0,15571,360,43.25277777777778
6,CHARIZARD_2,Mega Charizard Y,78,104,78,159,115,100,FIRE,FLYING,0,16290,360,45.25
9,BLASTOISE_1,Mega Blastoise,79,103,120,135,115,78,WATER,,0,13819,362,38.17403314917127
15,BEEDRILL_1,Mega Beedrill,65,150,40,15,80,145,BUG,POISON,0,22187,334,66.42814371257485
18,PIDGEOT_1,Mega Pidgeot,83,80,80,135,80,121,NORMAL,FLYING,0,17751,370,47.975675675675674
19,RATTATA_1,Alolan,30,56,35,25,35,72,DARK,NORMAL,0,27017,264,102.33712121212122
20,RATICATE_1,Alolan,75,71,70,40,80,77,DARK,NORMAL,0,18609,354,52.567796610169495
26,RAICHU_1,Alolan,60,85,50,95,85,110,ELECTRIC,PSYCHIC,0,20452,324,63.123456790123456
27,SANDSHREW_1,Alolan,50,75,90,10,35,40,ICE,STEEL,0,21104,304,69.42105263157895
28,SANDSLASH_1,Alolan,75,100,120,25,65,65,ICE,STEEL,0,16403,354,46.336158192090394
37,VULPIX_1,Alolan,38,41,40,50,65,65,ICE,,0,23159,280,82.71071428571429
38,NINETALES_1,Alolan,73,67,75,81,100,109,ICE,FAIRY,0,17154,350,49.011428571428574
50,DIGLETT_1,Alolan,10,55,30,35,45,90,GROUND,STEEL,0,26733,224,119.34375
51,DUGTRIO_1,Alolan,35,100,60,50,70,110,GROUND,STEEL,0,20196,274,73.7080291970803
52,MEOWTH_1,Alolan,40,35,35,50,40,90,DARK,,0,26394,284,92.93661971830986
52,MEOWTH_2,Galarian,50,65,55,40,40,40,STEEL,,0,23552,304,77.47368421052632
53,PERSIAN_1,Alolan,65,60,60,75,65,115,DARK,,0,20528,334,61.461077844311376
65,ALAKAZAM_1,Mega Alakazam,55,50,65,175,105,150,PSYCHIC,,0,17811,314,56.72292993630573
74,GEODUDE_1,Alolan,40,80,100,30,30,20,ROCK,ELECTRIC,0,21189,284,74.60915492957747
75,GRAVELER_1,Alolan,55,95,115,45,45,35,ROCK,ELECTRIC,0,18460,314,58.789808917197455
76,GOLEM_1,Alolan,80,120,130,55,65,45,ROCK,ELECTRIC,0,15943,364,43.79945054945055
77,PONYTA_1,Galarian,50,85,55,65,65,90,PSYCHIC,,0,21134,304,69.51973684210526
78,RAPIDASH_1,Galarian,65,100,70,80,80,105,PSYCHIC,FAIRY,0,18609,334,55.71556886227545
79,SLOWPOKE_1,Galarian,90,65,65,40,40,15,PSYCHIC,,0,22426,384,58.401041666666664
80,SLOWBRO_1,Galarian,95,100,95,100,70,30,POISON,PSYCHIC,0,17373,394,44.09390862944162
80,SLOWBRO_2,Mega Slowbro,95,75,180,130,80,30,WATER,PSYCHIC,0,13464,394,34.17258883248731
83,FARFETCHD_1,Galarian,52,95,55,58,62,55,FIGHTING,,0,21380,308,69.41558441558442
88,GRIMER_1,Alolan,80,80,50,40,50,25,POISON,DARK,0,22989,364,63.15659340659341
89,MUK_1,Alolan,105,105,75,65,100,50,POISON,DARK,0,17154,414,41.43478260869565
94,GENGAR_1,Mega Gengar,60,65,80,170,95,130,GHOST,POISON,0,16968,324,52.370370370370374
103,EXEGGUTOR_1,Alolan,95,105,85,125,75,45,GRASS,DRAGON,0,17705,394,44.93654822335025
105,MAROWAK_1,Alolan,60,80,110,50,80,45,FIRE,GHOST,0,15903,324,49.083333333333336
110,WEEZING_1,Galarian,65,90,120,85,70,60,POISON,FAIRY,0,16071,334,48.116766467065865
115,KANGASKHAN_1,Mega Kangaskhan,105,125,100,60,100,100,NORMAL,,0,15449,414,37.31642512077295
122,MRMIME_1,Galarian,50,65,65,90,90,100,ICE,PSYCHIC,0,18527,304,60.94407894736842
127,PINSIR_1,Mega Pinsir,65,155,120,65,90,105,BUG,FLYING,0,14922,334,44.67664670658683
130,GYARADOS_1,Mega Gyarados,95,155,109,70,130,81,WATER,FLYING,0,13819,394,35.0736040609137
142,AERODACTYL_1,Mega Aerodactyl,80,135,85,70,95,150,ROCK,FLYING,0,16624,364,45.67032967032967
144,ARTICUNO_1,Galarian,90,85,85,125,100,95,PSYCHIC,FLYING,0,16404,384,42.71875
145,ZAPDOS_1,Galarian,90,125,90,85,90,100,FIGHTING,FLYING,0,16582,384,43.182291666666664
146,MOLTRES_1,Galarian,90,85,90,100,125,90,DARK,FLYING,0,15135,384,39.4140625
150,MEWTWO_1,Mega Mewtwo X,106,190,100,154,100,130,PSYCHIC,FIGHTING,0,15449,416,37.13701923076923
150,MEWTWO_2,Mega Mewtwo Y,106,150,70,194,120,140,PSYCHIC,,0,16827,416,40.44951923076923
181,AMPHAROS_1,Mega Ampharos,90,95,105,165,110,45,ELECTRIC,DRAGON,0,14735,384,38.372395833333336
199,SLOWKING_1,Galarian,95,65,80,110,110,30,POISON,PSYCHIC,0,16327,394,41.43908629441624
208,STEELIX_1,Mega Steelix,75,125,230,55,95,30,STEEL,GROUND,0,11674,354,32.9774011299435
212,SCIZOR_1,Mega Scizor,70,150,140,100,75,65,BUG,STEEL,0,14945,344,43.44476744186046
214,HERACROSS_1,Mega Heracross,80,185,115,40,105,75,BUG,FIGHTING,0,14439,364,39.667582417582416
222,CORSOLA_1,Galarian,60,55,100,65,100,30,GHOST,,0,15449,324,47.6820987654321
229,HOUNDOOM_1,Mega Houndoom,75,90,90,140,90,115,DARK,FIRE,0,16582,354,46.84180790960452
248,TYRANITAR_1,Mega Tyranitar,100,164,150,95,120,71,ROCK,DARK,0,12523,404,30.997524752475247
254,SCEPTILE_1,Mega Sceptile,70,110,75,145,85,145,GRASS,DRAGON,0,17888,344,52.0
257,BLAZIKEN_1,Mega Blaziken,80,160,80,130,80,100,FIRE,FIGHTING,0,17751,364,48.76648351648352
260,SWAMPERT_1,Mega Swampert,100,150,110,95,110,70,WATER,GROUND,0,14479,404,35.83910891089109
263,ZIGZAGOON_1,Galarian,38,30,41,30,41,60,DARK,NORMAL,0,25268,280,90.24285714285715
264,LINOONE_1,Galarian,78,70,61,50,61,100,DARK,NORMAL,0,20747,360,57.63055555555555
282,GARDEVOIR_1,Mega Gardevoir,68,85,65,165,135,100,PSYCHIC,FAIRY,0,16788,340,49.37647058823529
302,SABLEYE_1,Mega Sableye,50,85,125,85,115,20,DARK,GHOST,0,13591,304,44.70723684210526
303,MAWILE_1,Mega Mawile,50,105,125,55,95,50,STEEL,FAIRY,0,14420,304,47.43421052631579
306,AGGRON_1,Mega Aggron,70,140,230,60,80,50,STEEL,,0,12457,344,36.21220930232558
308,MEDICHAM_1,Mega Medicham,60,100,85,80,85,100,FIGHTING,PSYCHIC,0,17138,324,52.89506172839506
310,MANECTRIC_1,Mega Manectric,70,75,80,135,80,135,ELECTRIC,,0,17751,344,51.60174418604651
319,SHARPEDO_1,Mega Sharpedo,70,140,70,110,65,105,WATER,DARK,0,19581,344,56.92151162790697
323,CAMERUPT_1,Mega Camerupt,70,120,100,145,105,20,FIRE,GROUND,0,15227,344,44.26453488372093
334,ALTARIA_1,Mega Altaria,75,110,110,110,105,80,DRAGON,FAIRY,0,14678,354,41.463276836158194
351,CASTFORM_1,Sunny Form,70,100,100,100,100,70,FIRE,,0,15449,344,44.90988372093023
351,CASTFORM_2,Rainy Form,70,100,100,100,100,70,WATER,,0,15449,344,44.90988372093023
351,CASTFORM_3,Snowy Form,70,100,100,100,100,70,ICE,,0,15449,344,44.90988372093023
351,CASTFORM_4,Windy Form,70,100,100,100,100,70,FLYING,,0,15449,344,44.90988372093023
354,BANETTE_1,Mega Banette,64,165,75,93,83,75,GHOST,,0,17980,332,54.1566265060241
359,ABSOL_1,Mega Absol,65,150,60,115,60,115,DARK,,0,20935,334,62.67964071856287
362,GLALIE_1,Mega Glalie,80,120,80,120,80,100,ICE,,0,17751,364,48.76648351648352
373,SALAMENCE_1,Mega Salamence,95,145,130,120,90,120,DRAGON,FLYING,0,14462,394,36.70558375634518
376,METAGROSS_1,Mega Metagross,95,145,130,120,90,120,STEEL,PSYCHIC,0,14462,394,36.70558375634518
380,LATIAS_1,Mega Latias,80,100,120,140,150,110,DRAGON,PSYCHIC,0,12780,364,35.10989010989011
381,LATIOS_1,Mega Latios,80,130,100,160,120,110,DRAGON,PSYCHIC,0,14670,364,40.3021978021978
382,KYOGRE_1,Primal Kyogre,100,150,90,180,160,90,WATER,,0,14165,404,35.06188118811881
383,GROUDON_1,Primal Groudon,100,180,160,150,90,90,GROUND,FIRE,0,13432,404,33.24752475247525
384,RAYQUAZA_1,Mega Rayquaza,105,180,100,180,100,115,DRAGON,FLYING,0,15449,414,37.31642512077295
386,DEOXYS_1,Attack Forme,50,180,20,180,20,150,PSYCHIC,,0,32751,304,107.73355263157895
386,DEOXYS_2,Defense Forme,50,70,160,70,160,90,PSYCHIC,,0,11015,304,36.233552631578945
386,DEOXYS_3,Speed Forme,50,95,90,95,90,180,PSYCHIC,,0,16582,304,54.546052631578945
413,WORMADAM_1,Sandy Cloak,60,79,105,59,85,36,BUG,GROUND,0,15890,324,49.04320987654321
413,WORMADAM_2,Trash Cloak,60,69,95,69,95,36,BUG,STEEL,0,15950,324,49.22839506172839
428,LOPUNNY_1,Mega Lopunny,65,136,94,54,96,135,NORMAL,FIGHTING,0,15972,334,47.82035928143713
445,GARCHOMP_1,Mega Garchomp,108,170,115,120,95,92,DRAGON,GROUND,0,14881,420,35.430952380952384
448,LUCARIO_1,Mega Lucario,70,145,88,140,70,112,FIGHTING,STEEL,0,17813,344,51.781976744186046
460,ABOMASNOW_1,Mega Abomasnow,90,132,105,132,105,30,GRASS,ICE,0,14934,384,38.890625
475,GALLADE_1,Mega Gallade,68,165,95,65,115,110,PSYCHIC,FIGHTING,0,15121,340,44.47352941176471
479,ROTOM_1,Heat Rotom,50,65,107,105,107,86,ELECTRIC,FIRE,0,14819,304,48.74671052631579
479,ROTOM_2,Wash Rotom,50,65,107,105,107,86,ELECTRIC,WATER,0,14819,304,48.74671052631579
479,ROTOM_3,Frost Rotom,50,65,107,105,107,86,ELECTRIC,ICE,0,14819,304,48.74671052631579
479,ROTOM_4,Fan Rotom,50,65,107,105,107,86,ELECTRIC,FLYING,0,14819,304,48.74671052631579
479,ROTOM_5,Mow Rotom,50,65,107,105,107,86,ELECTRIC,GRASS,0,14819,304,48.74671052631579
487,GIRATINA_1,Origin Forme,150,120,100,120,100,90,GHOST,DRAGON,0,15449,504,30.65277777777778
492,SHAYMIN_1,Sky Forme,100,103,75,120,75,127,GRASS,FLYING,0,18455,404,45.68069306930693
493,ARCEUS_1,Fighting Type,120,120,120,120,120,120,FIGHTING,,0,13649,444,30.74099099099099
493,ARCEUS_2,Flying Type,120,120,120,120,120,120,FLYING,,0,13649,444,30.74099099099099
493,ARCEUS_3,Poison Type,120,120,120,120,120,120,POISON,,0,13649,444,30.74099099099099
493,ARCEUS_4,Ground Type,120,120,120,120,120,120,GROUND,,0,13649,444,30.74099099099099
493,ARCEUS_5,Rock Type,120,120,120,120,120,120,ROCK,,0,13649,444,30.74099099099099
493,ARCEUS_6,Bug Type,120,120,120,120,120,120,BUG,,0,13649,444,30.74099099099099
493,ARCEUS_7,Ghost Type,120,120,120,120,120,120,GHOST,,0,13649,444,30.74099099099099
493,ARCEUS_8,Steel Type,120,120,120,120,120,120,STEEL,,0,13649,444,30.74099099099099
493,ARCEUS_10,Fire Type,120,120,120,120,120,120,FIRE,,0,13649,444,30.74099099099099
493,ARCEUS_11,Water Type,120,120,120,120,120,120,WATER,,0,13649,444,30.74099099099099
493,ARCEUS_12,Grass Type,120,120,120,120,120,120,GRASS,,0,13649,444,30.74099099099099
493,ARCEUS_13,Electric Type,120,120,120,120,120,120,ELECTRIC,,0,13649,444,30.74099099099099
493,ARCEUS_14,Psychic Type,120,120,120,120,120,120,PSYCHIC,,0,13649,444,30.74099099099099
493,ARCEUS_15,Ice Type,120,120,120,120,120,120,ICE,,0,13649,444,30.74099099099099
493,ARCEUS_16,Dragon Type,120,120,120,120,120,120,DRAGON,,0,13649,444,30.74099099099099
493,ARCEUS_17,Dark Type,120,120,120,120,120,120,DARK,,0,13649,444,30.74099099099099
493,ARCEUS_18,Fairy Type,120,120,120,120,120,120,FAIRY,,0,13649,444,30.74099099099099
531,AUDINO_1,Mega Audino,103,60,126,80,126,50,NORMAL,,0,13183,410,32.15365853658537
554,DARUMAKA_2,Galarian,70,90,45,15,45,50,ICE,,0,24204,344,70.36046511627907
555,DARMANITAN_1,Zen Mode,105,30,105,140,105,55,FIRE,PSYCHIC,0,14934,414,36.072463768115945
555,DARMANITAN_2,Galarian,105,140,55,40,55,95,ICE,,0,21998,414,53.13526570048309
555,DARMANITAN_3,Galarian Zen Mode,105,160,55,30,55,135,ICE,FIRE,0,21998,414,53.13526570048309
562,YAMASK_1,Galarian,38,55,85,30,65,30,GROUND,GHOST,0,18379,280,65.63928571428572
618,STUNFISK_1,Galarian,109,81,99,66,84,32,GROUND,STEEL,0,16261,422,38.53317535545024
641,TORNADUS_1,Therian Forme,79,100,80,110,90,121,FLYING,,0,17242,362,47.629834254143645
642,THUNDURUS_1,Therian Forme,79,105,70,145,80,101,ELECTRIC,FLYING,0,18609,362,51.4060773480663
645,LANDORUS_1,Therian Forme,89,145,90,105,80,91,GROUND,FLYING,0,17091,382,44.74083769633508
646,KYUREM_1,White Kyurem,125,120,90,170,100,95,DRAGON,ICE,0,16088,454,35.436123348017624
646,KYUREM_2,Black Kyurem,125,170,100,120,90,95,DRAGON,ICE,0,15943,454,35.11674008810573
646,KYUREM_3,,125,120,90,170,100,95,DRAGON,ICE,0,16088,454,35.436123348017624
646,KYUREM_4,,125,170,100,120,90,95,DRAGON,ICE,0,15943,454,35.11674008810573
648,MELOETTA_1,Pirouette Forme,100,128,90,77,77,128,NORMAL,FIGHTING,0,17266,404,42.73762376237624
658,GRENINJA_2,Ash-Greninja,72,145,67,153,71,132,WATER,DARK,0,19426,348,55.82183908045977
670,FLOETTE_5,Eternal Flower,74,65,67,125,128,92,FAIRY,,0,16815,352,47.76988636363637
681,AEGISLASH_1,Blade Forme,60,140,50,140,50,60,STEEL,GHOST,0,22989,324,70.95370370370371
710,PUMPKABOO_2,Large Size,54,66,70,44,55,46,GHOST,GRASS,0,20445,312,65.52884615384616
710,PUMPKABOO_3,Super Size,59,66,70,44,55,41,GHOST,GRASS,0,20445,322,63.493788819875775
711,GOURGEIST_2,Large Size,75,95,122,58,75,69,GHOST,GRASS,0,15628,354,44.14689265536723
711,GOURGEIST_3,Super Size,85,100,122,58,75,54,GHOST,GRASS,0,15628,374,41.786096256684495
718,ZYGARDE_1,10% Forme,54,100,71,61,85,115,DRAGON,GROUND,0,18236,312,58.44871794871795
718,ZYGARDE_2,Complete Forme,216,100,121,91,95,85,DRAGON,GROUND,0,14604,636,22.962264150943398
718,ZYGARDE_3,,216,100,121,91,95,85,DRAGON,GROUND,0,14604,636,22.962264150943398
719,DIANCIE_1,Mega Diancie,50,160,110,160,110,110,ROCK,FAIRY,0,14479,304,47.62828947368421
720,HOOPA_1,Hoopa Unbound,80,160,60,170,130,80,PSYCHIC,DARK,0,17416,364,47.84615384615385
741,ORICORIO_1,Pom-Pom Style,75,70,70,98,70,93,ELECTRIC,FLYING,0,19249,354,54.37570621468927
741,ORICORIO_2,Pa'u Style,75,70,70,98,70,93,PSYCHIC,FLYING,0,19249,354,54.37570621468927
741,ORICORIO_3,Sensu Style,75,70,70,98,70,93,GHOST,FLYING,0,19249,354,54.37570621468927
745,LYCANROC_1,Midnight Form,85,115,75,55,75,82,ROCK,,0,18455,374,49.344919786096256
745,LYCANROC_2,Dusk Form,75,117,65,55,65,110,ROCK,,0,20008,354,56.51977401129943
746,WISHIWASHI_1,School Form,45,140,130,140,135,30,WATER,,0,12723,294,43.275510204081634
773,SILVALLY_1,Type: Fighting,95,95,95,95,95,95,FIGHTING,,0,15950,394,40.48223350253807
773,SILVALLY_2,Type: Flying,95,95,95,95,95,95,FLYING,,0,15950,394,40.48223350253807
773,SILVALLY_3,Type: Poison,95,95,95,95,95,95,POISON,,0,15950,394,40.48223350253807
773,SILVALLY_4,Type: Ground,95,95,95,95,95,95,GROUND,,0,15950,394,40.48223350253807
773,SILVALLY_5,Type: Rock,95,95,95,95,95,95,ROCK,,0,15950,394,40.48223350253807
773,SILVALLY_6,Type: Bug,95,95,95,95,95,95,BUG,,0,15950,394,40.48223350253807
773,SILVALLY_7,Type: Ghost,95,95,95,95,95,95,GHOST,,0,15950,394,40.48223350253807
773,SILVALLY_8,Type: Steel,95,95,95,95,95,95,STEEL,,0,15950,394,40.48223350253807
773,SILVALLY_10,Type: Fire,95,95,95,95,95,95,FIRE,,0,15950,394,40.48223350253807
773,SILVALLY_11,Type: Water,95,95,95,95,95,95,WATER,,0,15950,394,40.48223350253807
773,SILVALLY_12,Type: Grass,95,95,95,95,95,95,GRASS,,0,15950,394,40.48223350253807
773,SILVALLY_13,Type: Electric,95,95,95,95,95,95,ELECTRIC,,0,15950,394,40.48223350253807
773,SILVALLY_14,Type: Psychic,95,95,95,95,95,95,PSYCHIC,,0,15950,394,40.48223350253807
773,SILVALLY_15,Type: Ice,95,95,95,95,95,95,ICE,,0,15950,394,40.48223350253807
773,SILVALLY_16,Type: Dragon,95,95,95,95,95,95,DRAGON,,0,15950,394,40.48223350253807
773,SILVALLY_17,Type: Dark,95,95,95,95,95,95,DARK,,0,15950,394,40.48223350253807
773,SILVALLY_18,Type: Fairy,95,95,95,95,95,95,FAIRY,,0,15950,394,40.48223350253807
774,MINIOR_7,Red Core,60,100,60,100,60,120,ROCK,FLYING,0,20935,324,64.6141975308642
774,MINIOR_8,Orange Core,60,100,60,100,60,120,ROCK,FLYING,0,20935,324,64.6141975308642
774,MINIOR_9,Yellow Core,60,100,60,100,60,120,ROCK,FLYING,0,20935,324,64.6141975308642
774,MINIOR_10,Green Core,60,100,60,100,60,120,ROCK,FLYING,0,20935,324,64.6141975308642
774,MINIOR_11,Blue Core,60,100,60,100,60,120,ROCK,FLYING,0,20935,324,64.6141975308642
774,MINIOR_12,Indigo Core,60,100,60,100,60,120,ROCK,FLYING,0,20935,324,64.6141975308642
774,MINIOR_13,Violet Core,60,100,60,100,60,120,ROCK,FLYING,0,20935,324,64.6141975308642
800,NECROZMA_1,Dusk Mane,97,157,127,113,109,77,PSYCHIC,STEEL,0,13745,398,34.53517587939699
800,NECROZMA_2,Dawn Wings,97,113,109,157,127,77,PSYCHIC,GHOST,0,13948,398,35.04522613065327
800,NECROZMA_3,Ultra Necrozma,97,167,97,167,97,129,PSYCHIC,DRAGON,0,15742,398,39.552763819095475
800,NECROZMA_4,,97,167,97,167,97,129,PSYCHIC,DRAGON,0,15742,398,39.552763819095475
875,EISCUE_1,Noice Face,75,80,70,65,50,130,ICE,,0,20877,354,58.97457627118644
876,INDEEDEE_1,Female,70,55,65,95,105,85,PSYCHIC,NORMAL,0,17811,344,51.776162790697676
888,ZACIAN_1,Crowned Sword,92,150,115,80,115,148,FAIRY,STEEL,0,14052,388,36.21649484536083
889,ZAMAZENTA_1,Crowned Shield,92,120,140,80,140,128,FIGHTING,STEEL,0,12259,388,31.59536082474227
892,URSHIFU_1,Rapid Strike Style,100,130,100,63,60,97,FIGHTING,WATER,0,17831,404,44.136138613861384
898,CALYREX_1,Ice Rider,100,165,150,85,130,50,PSYCHIC,ICE,0,12165,404,30.111386138613863
