Pokémon,HP,Atk,Def,SpAtk,SpDef,Speed,Type,Type,Damage Dealt,Damage Taken,HP,Num KO
1,BULBASAUR,,45,49,49,65,65,45,GRASS,POISON,236665,332060,294,1129.455782312925
2,IVYSAUR,,60,62,63,80,80,60,GRASS,POISON,267221,292437,324,902.5833333333334
3,VENUSAUR,,80,82,83,100,100,80,GRASS,POISON,358634,250995,364,689.5467032967033
4,CHARMANDER,,39,52,43,60,50,65,FIRE,,263722,340521,282,1207.5212765957447
5,CHARMELEON,,58,64,58,80,65,80,FIRE,,304527,294557,320,920.490625
6,CHARIZARD,,78,84,78,109,85,100,FIRE,FLYING,442057,348316,360,967.5444444444445
7,SQUIRTLE,,44,48,65,50,64,43,WATER,,255009,284374,292,973.8835616438356
8,WARTORTLE,,59,63,80,65,80,58,WATER,,293059,250710,322,778.6024844720497
9,BLASTOISE,,79,83,100,85,105,78,WATER,,348577,214113,362,591.4723756906077
10,CATERPIE,,45,30,35,20,20,45,BUG,,71834,436416,294,1484.408163265306
11,METAPOD,,50,20,55,25,25,30,BUG,,67277,389687,304,1281.8651315789473
12,BUTTERFREE,,60,45,50,90,80,70,BUG,FLYING,293674,442641,324,1366.1759259259259
13,WEEDLE,,40,35,30,20,20,50,BUG,POISON,75114,485577,284,1709.7781690140846
14,KAKUNA,,45,25,50,25,25,35,BUG,POISON,70346,431337,294,1467.1326530612246
15,BEEDRILL,,65,90,40,45,80,75,BUG,POISON,240837,357228,334,1069.5449101796407
16,PIDGEY,,40,45,40,35,35,56,NORMAL,FLYING,215218,368259,284,1296.6866197183099
17,PIDGEOTTO,,63,60,55,50,50,71,NORMAL,FLYING,249038,314515,330,953.0757575757576
18,PIDGEOT,,83,80,75,70,70,101,NORMAL,FLYING,309926,263474,370,712.0918918918919
19,RATTATA,,30,56,35,25,35,72,NORMAL,,199447,395035,264,1496.344696969697
20,RATICATE,,55,81,60,50,70,97,NORMAL,,260341,298739,314,951.3980891719746
21,SPEAROW,,40,60,30,31,31,70,NORMAL,FLYING,250869,400052,284,1408.6338028169014
22,FEAROW,,65,90,65,61,61,100,NORMAL,FLYING,333169,285401,334,854.4940119760479
23,EKANS,,35,60,44,40,54,55,POISON,,216046,321064,274,1171.7664233576643
24,ARBOK,,60,95,69,65,79,80,POISON,,286502,256065,324,790.324074074074
25,PIKACHU,,35,55,40,50,50,90,ELECTRIC,,237954,308185,274,1124.7627737226278
26,RAICHU,,60,90,55,90,80,110,ELECTRIC,,322213,258147,324,796.75
27,SANDSHREW,,50,75,85,20,30,40,GROUND,,270780,388412,304,1277.671052631579
28,SANDSLASH,,75,100,110,45,55,65,GROUND,,331410,299501,354,846.04802259887
29,NIDORANfE,,55,47,52,40,40,41,POISON,,174796,328874,314,1047.3694267515923
30,NIDORINA,,70,62,67,55,55,56,POISON,,202619,284245,344,826.2936046511628
31,NIDOQUEEN,,90,92,87,75,85,76,POISON,GROUND,343037,258354,384,672.796875
32,NIDORANmA,,46,57,40,40,40,50,POISON,,219029,349166,296,1179.6148648648648
33,NIDORINO,,61,72,57,55,55,65,POISON,,251038,296559,326,909.6901840490798
34,NIDOKING,,81,102,77,85,75,85,POISON,GROUND,398304,278549,366,761.0628415300547
35,CLEFAIRY,,70,45,48,60,65,35,FAIRY,,263416,300352,344,873.1162790697674
36,CLEFABLE,,95,70,73,95,90,60,FAIRY,,347739,241732,394,613.5329949238578
37,VULPIX,,38,41,40,50,65,65,FIRE,,224629,336307,280,1201.0964285714285
38,NINETALES,,73,76,75,81,100,100,FIRE,,314735,246123,350,703.2085714285714
39,JIGGLYPUFF,,115,45,20,45,25,20,NORMAL,FAIRY,265731,436658,434,1006.1244239631336
40,WIGGLYTUFF,,140,70,45,85,50,45,NORMAL,FAIRY,351227,324317,484,670.0764462809917
41,ZUBAT,,40,45,35,30,40,55,POISON,FLYING,191323,394327,284,1388.475352112676
42,GOLBAT,,75,80,70,65,75,90,POISON,FLYING,264150,282350,354,797.5988700564972
43,ODDISH,,45,50,55,75,65,30,GRASS,POISON,254560,321146,294,1092.3333333333333
44,GLOOM,,60,65,70,85,75,40,GRASS,POISON,278371,288173,324,889.4228395061729
45,VILEPLUME,,75,80,85,110,90,50,GRASS,POISON,341244,257132,354,726.361581920904
46,PARAS,,35,70,55,45,55,25,BUG,GRASS,217490,513845,274,1875.346715328467
47,PARASECT,,60,95,80,60,80,30,BUG,GRASS,266193,416239,324,1284.6882716049383
48,VENONAT,,60,55,50,40,55,45,BUG,POISON,166603,353678,324,1091.5987654320988
49,VENOMOTH,,70,65,60,90,75,90,BUG,POISON,255262,312045,344,907.1075581395348
50,DIGLETT,,10,55,25,35,45,95,GROUND,,200815,419075,224,1870.8705357142858
51,DUGTRIO,,35,100,50,50,70,120,GROUND,,283051,320902,274,1171.1751824817518
52,MEOWTH,,40,45,35,40,40,90,NORMAL,,187928,388869,284,1369.2570422535211
53,PERSIAN,,65,70,60,65,65,115,NORMAL,,249544,301918,334,903.9461077844311
54,PSYDUCK,,50,52,48,65,50,55,WATER,,251474,328352,304,1080.1052631578948
55,GOLDUCK,,80,82,78,95,80,85,WATER,,326479,252579,364,693.8983516483516
56,MANKEY,,40,80,35,35,45,70,FIGHTING,,331661,373785,284,1316.144366197183
57,PRIMEAPE,,65,105,60,60,70,95,FIGHTING,,396909,292063,334,874.4401197604791
58,GROWLITHE,,55,70,45,70,50,60,FIRE,,285848,335948,314,1069.8980891719746
59,ARCANINE,,90,110,80,100,80,95,FIRE,,390448,250821,384,653.1796875
60,POLIWAG,,40,50,40,40,40,90,WATER,,207417,361057,284,1271.3274647887324
61,POLIWHIRL,,65,65,65,50,50,90,WATER,,238174,307306,334,920.0778443113772
62,POLIWRATH,,90,95,95,70,90,70,WATER,FIGHTING,369528,264414,384,688.578125
63,ABRA,,25,20,15,105,55,90,PSYCHIC,,254805,427977,254,1684.9488188976377
64,KADABRA,,40,35,30,120,70,105,PSYCHIC,,311678,349254,284,1229.7676056338028
65,ALAKAZAM,,55,50,45,135,95,120,PSYCHIC,,369383,294248,314,937.0955414012739
66,MACHOP,,70,80,50,35,35,35,FIGHTING,,312133,364510,344,1059.6220930232557
67,MACHOKE,,80,100,70,50,60,45,FIGHTING,,359897,290818,364,798.9505494505495
68,MACHAMP,,90,130,80,65,85,55,FIGHTING,,444470,252699,384,658.0703125
69,BELLSPROUT,,50,75,35,70,30,40,GRASS,POISON,270604,428830,304,1410.625
70,WEEPINBELL,,65,90,50,85,45,55,GRASS,POISON,303828,362866,334,1086.4251497005987
71,VICTREEBEL,,80,105,65,100,70,70,GRASS,POISON,341998,300329,364,825.0796703296703
72,TENTACOOL,,40,40,35,50,100,70,WATER,POISON,215008,332288,284,1170.0281690140846
73,TENTACRUEL,,80,70,65,80,120,100,WATER,POISON,281264,252736,364,694.3296703296703
74,GEODUDE,,40,80,100,30,30,20,ROCK,GROUND,332204,693346,284,2441.3591549295775
75,GRAVELER,,55,95,115,45,45,35,ROCK,GROUND,372019,588020,314,1872.6751592356688
76,GOLEM,,80,120,130,55,65,45,ROCK,GROUND,435025,491603,364,1350.5576923076924
77,PONYTA,,50,85,55,65,65,90,FIRE,,314365,300104,304,987.1842105263158
78,RAPIDASH,,65,100,70,80,80,105,FIRE,,359649,263828,334,789.9041916167664
79,SLOWPOKE,,90,65,65,40,40,15,WATER,PSYCHIC,229123,349315,384,909.6744791666666
80,SLOWBRO,,95,75,110,100,80,30,WATER,PSYCHIC,368277,245779,394,623.8045685279188
81,MAGNEMITE,,25,35,70,95,55,45,ELECTRIC,STEEL,337895,389029,254,1531.6102362204724
82,MAGNETON,,50,60,95,120,70,70,ELECTRIC,STEEL,398462,329925,304,1085.279605263158
83,FARFETCHD,,52,90,55,58,62,60,NORMAL,FLYING,347191,298471,308,969.0616883116883
84,DODUO,,35,85,45,35,35,75,NORMAL,FLYING,307506,359949,274,1313.6824817518248
85,DODRIO,,60,110,70,60,60,110,NORMAL,FLYING,382588,281372,324,868.4320987654321
86,SEEL,,65,45,55,45,70,45,WATER,,198979,292052,334,874.4071856287425
87,DEWGONG,,90,70,80,70,95,70,WATER,ICE,283205,291587,384,759.3411458333334
88,GRIMER,,80,80,50,40,50,25,POISON,,296549,314398,364,863.7307692307693
89,MUK,,105,105,75,65,100,50,POISON,,376124,235588,414,569.0531400966183
90,SHELLDER,,30,65,100,45,25,40,WATER,,255373,374105,264,1417.064393939394
91,CLOYSTER,,50,95,180,85,45,70,WATER,ICE,362741,330890,304,1088.453947368421
92,GASTLY,,30,35,30,100,35,80,GHOST,POISON,279589,389939,264,1477.0416666666667
93,HAUNTER,,45,50,45,115,55,95,GHOST,POISON,343099,323870,294,1101.5986394557824
94,GENGAR,,60,65,60,130,75,110,GHOST,POISON,377645,277461,324,856.3611111111111
95,ONIX,,35,45,160,30,45,70,ROCK,GROUND,275763,580158,274,2117.3649635036495
96,DROWZEE,,60,48,45,43,90,42,PSYCHIC,,208600,294918,324,910.2407407407408
97,HYPNO,,85,73,70,73,115,67,PSYCHIC,,268513,235408,374,629.4331550802139
98,KRABBY,,30,105,90,25,25,50,WATER,,276577,375294,264,1421.5681818181818
99,KINGLER,,55,130,115,50,50,75,WATER,,334372,284570,314,906.2738853503184
100,VOLTORB,,40,30,50,55,55,100,ELECTRIC,,202306,281995,284,992.9401408450705
101,ELECTRODE,,60,50,70,80,80,150,ELECTRIC,,251926,233222,324,719.820987654321
102,EXEGGCUTE,,60,40,80,60,45,40,GRASS,PSYCHIC,253254,414518,324,1279.3765432098764
103,EXEGGUTOR,,95,95,85,125,75,55,GRASS,PSYCHIC,421957,348352,394,884.1421319796955
104,CUBONE,,50,50,95,40,50,35,GROUND,,227978,316311,304,1040.4967105263158
105,MAROWAK,,60,80,110,50,80,45,GROUND,,292083,251952,324,777.6296296296297
106,HITMONLEE,,50,120,53,35,110,87,FIGHTING,,415996,284733,304,936.6217105263158
107,HITMONCHAN,,50,105,79,35,110,76,FIGHTING,,380820,238866,304,785.7434210526316
108,LICKITUNG,,90,55,75,60,75,30,NORMAL,,268416,269241,384,701.1484375
109,KOFFING,,40,65,95,60,45,35,POISON,,260550,285433,284,1005.0457746478874
110,WEEZING,,65,90,120,85,70,60,POISON,,317408,230077,334,688.8532934131737
111,RHYHORN,,80,85,95,30,30,25,GROUND,ROCK,325524,694923,364,1909.1291208791208
112,RHYDON,,105,130,120,45,45,40,GROUND,ROCK,447889,586657,414,1417.0458937198068
113,CHANSEY,,250,5,5,35,105,50,NORMAL,,191045,561449,704,797.5127840909091
114,TANGELA,,65,55,115,100,40,60,GRASS,,296726,336610,334,1007.814371257485
115,KANGASKHAN,,105,95,80,40,80,90,NORMAL,,323489,258971,414,625.5338164251208
116,HORSEA,,30,40,70,70,25,60,WATER,,225119,380032,264,1439.5151515151515
117,SEADRA,,55,65,95,95,45,85,WATER,,279381,302249,314,962.5764331210191
118,GOLDEEN,,45,67,60,35,50,63,WATER,,212360,312312,294,1062.2857142857142
119,SEAKING,,80,92,65,65,80,68,WATER,,268229,268008,364,736.2857142857143
120,STARYU,,30,45,55,70,55,85,WATER,,245629,309776,264,1173.3939393939395
121,STARMIE,,60,75,85,100,85,115,WATER,PSYCHIC,337414,258468,324,797.7407407407408
122,MRMIME,,40,45,65,100,120,90,PSYCHIC,FAIRY,330912,254492,284,896.0985915492957
123,SCYTHER,,70,110,80,55,80,105,BUG,FLYING,275892,368490,344,1071.1918604651162
124,JYNX,,65,50,35,115,95,95,ICE,PSYCHIC,395231,387412,334,1159.9161676646706
125,ELECTABUZZ,,65,83,57,95,85,105,ELECTRIC,,309205,252464,334,755.8802395209581
126,MAGMAR,,65,95,57,100,85,93,FIRE,,362386,283959,334,850.1766467065868
127,PINSIR,,65,125,100,55,70,85,BUG,,356401,252806,334,756.9041916167664
128,TAUROS,,75,100,95,40,70,110,NORMAL,,324072,249692,354,705.3446327683616
129,MAGIKARP,,20,10,55,15,20,80,WATER,,108773,410481,244,1682.299180327869
130,GYARADOS,,95,125,79,60,100,81,WATER,FLYING,373918,305778,394,776.0862944162436
131,LAPRAS,,130,85,80,85,95,60,WATER,ICE,346587,291587,464,628.4202586206897
132,DITTO,,48,48,48,48,48,48,NORMAL,,0,342828,300,1142.76
133,EEVEE,,55,55,50,45,65,55,NORMAL,,192332,324561,314,1033.6337579617834
134,VAPOREON,,130,65,60,110,95,65,WATER,,320098,266436,464,574.2155172413793
135,JOLTEON,,65,65,60,110,95,130,ELECTRIC,,298926,244057,334,730.7095808383234
136,FLAREON,,65,130,60,95,110,65,FIRE,,391560,270150,334,808.8323353293413
137,PORYGON,,65,60,70,85,75,40,NORMAL,,284086,277148,334,829.7844311377246
138,OMANYTE,,35,40,100,90,55,35,ROCK,WATER,330822,452949,274,1653.0985401459855
139,OMASTAR,,70,60,125,115,70,55,ROCK,WATER,389794,395574,344,1149.9244186046512
140,KABUTO,,30,80,90,55,45,55,ROCK,WATER,272066,497399,264,1884.0871212121212
141,KABUTOPS,,60,115,105,65,70,80,ROCK,WATER,353399,405589,324,1251.817901234568
142,AERODACTYL,,80,105,65,60,75,130,ROCK,FLYING,397338,294152,364,808.1098901098901
143,SNORLAX,,160,110,65,65,110,30,NORMAL,,421783,274537,524,523.925572519084
144,ARTICUNO,,90,85,100,95,125,85,ICE,FLYING,349578,293935,384,765.4557291666666
145,ZAPDOS,,90,90,85,125,90,100,ELECTRIC,FLYING,405458,218717,384,569.5755208333334
146,MOLTRES,,90,100,90,125,85,90,FIRE,FLYING,439817,329973,384,859.3046875
147,DRATINI,,41,64,45,50,50,50,DRAGON,,220805,327406,286,1144.7762237762238
148,DRAGONAIR,,61,84,65,70,70,70,DRAGON,,262149,271760,326,833.6196319018405
149,DRAGONITE,,91,134,95,100,100,80,DRAGON,FLYING,436836,288002,386,746.119170984456
150,MEWTWO,,106,110,90,154,90,130,PSYCHIC,,484517,216381,416,520.1466346153846
151,MEW,,100,100,100,100,100,100,PSYCHIC,,449444,202139,404,500.3440594059406
152,CHIKORITA,,45,49,65,49,65,45,GRASS,,193041,311511,294,1059.561224489796
153,BAYLEEF,,60,62,80,63,80,60,GRASS,,226744,275938,324,851.6604938271605
154,MEGANIUM,,80,82,100,83,100,80,GRASS,,314098,239596,364,658.2307692307693
155,CYNDAQUIL,,39,52,43,60,50,65,FIRE,,269281,340521,282,1207.5212765957447
156,QUILAVA,,58,64,58,80,65,80,FIRE,,327542,294557,320,920.490625
157,TYPHLOSION,,78,84,78,109,85,100,FIRE,,428228,249788,360,693.8555555555556
158,TOTODILE,,50,65,64,44,48,43,WATER,,237075,312237,304,1027.095394736842
159,CROCONAW,,65,80,80,59,63,58,WATER,,271747,272203,334,814.9790419161677
160,FERALIGATR,,85,105,100,79,83,78,WATER,,359949,233310,374,623.8235294117648
161,SENTRET,,35,46,34,35,45,20,NORMAL,,214967,387499,274,1414.2299270072992
162,FURRET,,85,76,64,45,55,90,NORMAL,,282356,303209,374,810.7192513368984
163,HOOTHOOT,,60,30,30,36,56,50,NORMAL,FLYING,186728,364732,324,1125.716049382716
164,NOCTOWL,,100,50,50,86,96,70,NORMAL,FLYING,298428,286358,404,708.8069306930693
165,LEDYBA,,40,20,30,40,80,55,BUG,FLYING,180082,536627,284,1889.531690140845
166,LEDIAN,,55,35,50,85,110,85,BUG,FLYING,273965,430640,314,1371.4649681528663
167,SPINARAK,,40,60,40,40,40,30,BUG,POISON,223007,401550,284,1413.9084507042253
168,ARIADOS,,70,90,70,60,70,40,BUG,POISON,283698,301813,344,877.3633720930233
169,CROBAT,,85,90,80,70,80,130,POISON,FLYING,319742,266453,374,712.4411764705883
170,CHINCHOU,,75,38,38,56,56,67,WATER,ELECTRIC,236841,343557,354,970.5
171,LANTURN,,125,58,58,76,76,67,WATER,ELECTRIC,281679,283018,454,623.3876651982379
172,PICHU,,20,40,15,35,35,60,ELECTRIC,,179123,412416,244,1690.2295081967213
173,CLEFFA,,50,25,28,45,55,15,FAIRY,,190717,365991,304,1203.9177631578948
174,IGGLYBUFF,,90,30,15,40,20,15,NORMAL,FAIRY,187561,469368,384,1222.3125
175,TOGEPI,,35,20,65,40,65,20,FAIRY,,180943,270737,274,988.0912408759124
176,TOGETIC,,55,40,85,80,105,40,FAIRY,FLYING,274086,247945,314,789.6337579617834
177,NATU,,40,50,45,70,45,70,PSYCHIC,FLYING,273963,354674,284,1248.8521126760563
178,XATU,,65,75,70,95,70,95,PSYCHIC,FLYING,335258,281265,334,842.1107784431138
179,MAREEP,,55,40,40,65,45,35,ELECTRIC,,204367,312752,314,996.0254777070064
180,FLAAFFY,,70,55,55,80,60,45,ELECTRIC,,257944,268908,344,781.7093023255813
181,AMPHAROS,,90,75,85,115,90,55,ELECTRIC,,364819,210303,384,547.6640625
182,BELLOSSOM,,75,80,95,90,100,50,GRASS,,288650,244162,354,689.723163841808
183,MARILL,,70,20,50,20,50,40,WATER,FAIRY,171111,335917,344,976.5029069767442
184,AZUMARILL,,100,50,80,60,80,50,WATER,FAIRY,261209,259116,404,641.3762376237623
185,SUDOWOODO,,70,100,115,30,65,30,ROCK,,436263,308670,344,897.296511627907
186,POLITOED,,90,75,75,90,100,70,WATER,,306562,241477,384,628.8463541666666
187,HOPPIP,,35,35,40,35,55,50,GRASS,FLYING,186456,467237,274,1705.2445255474452
188,SKIPLOOM,,55,45,50,45,65,80,GRASS,FLYING,208029,423702,314,1349.3694267515923
189,JUMPLUFF,,75,55,70,55,95,110,GRASS,FLYING,233312,346380,354,978.4745762711865
190,AIPOM,,55,70,55,40,55,85,NORMAL,,263203,320101,314,1019.4299363057324
191,SUNKERN,,30,30,30,30,30,30,GRASS,,161198,446590,264,1691.628787878788
192,SUNFLORA,,75,75,55,105,85,30,GRASS,,319901,313200,354,884.7457627118644
193,YANMA,,65,65,45,75,45,95,BUG,FLYING,230434,502523,334,1504.559880239521
194,WOOPER,,55,45,45,25,25,15,WATER,GROUND,202520,589867,314,1878.5573248407643
195,QUAGSIRE,,95,85,85,65,65,35,WATER,GROUND,313176,393284,394,998.1827411167512
196,ESPEON,,65,65,60,130,95,110,PSYCHIC,,324513,257881,334,772.0988023952095
197,UMBREON,,95,65,110,60,130,65,DARK,,200026,214280,394,543.8578680203045
198,MURKROW,,60,85,42,85,42,91,DARK,FLYING,322135,359773,324,1110.4104938271605
199,SLOWKING,,95,75,80,100,110,30,WATER,PSYCHIC,371206,249060,394,632.1319796954315
200,MISDREAVUS,,60,60,60,85,85,85,GHOST,,256021,231871,324,715.6512345679013
201,UNOWN,,48,72,48,72,48,48,PSYCHIC,,0,307979,300,1026.5966666666666
202,WOBBUFFET,,190,33,58,33,58,33,PSYCHIC,,4808,279660,584,478.86986301369865
203,GIRAFARIG,,70,80,65,90,65,85,NORMAL,PSYCHIC,308473,257962,344,749.8895348837209
204,PINECO,,50,65,90,35,35,15,BUG,,252353,333324,304,1096.4605263157894
205,FORRETRESS,,75,90,140,60,60,40,BUG,STEEL,332988,315201,354,890.3983050847457
206,DUNSPARCE,,100,70,70,65,65,45,NORMAL,,275216,284108,404,703.2376237623762
207,GLIGAR,,65,75,105,35,65,85,GROUND,FLYING,260643,318439,334,953.4101796407185
208,STEELIX,,75,85,200,55,65,30,STEEL,GROUND,359772,259927,354,734.2570621468926
209,SNUBBULL,,60,80,50,40,40,30,FAIRY,,274971,327606,324,1011.1296296296297
210,GRANBULL,,90,120,75,60,60,45,FAIRY,,370871,265867,384,692.3619791666666
211,QWILFISH,,65,95,85,55,55,85,WATER,POISON,339576,283169,334,847.811377245509
212,SCIZOR,,70,130,100,55,80,65,BUG,STEEL,316922,287102,344,834.5988372093024
213,SHUCKLE,,20,10,230,10,230,5,BUG,ROCK,139051,121774,244,499.07377049180326
214,HERACROSS,,80,125,75,40,95,85,BUG,FIGHTING,464662,343950,364,944.9175824175824
215,SNEASEL,,55,95,55,35,75,115,DARK,ICE,317637,535962,314,1706.8853503184714
216,TEDDIURSA,,60,80,50,50,50,40,NORMAL,,280601,335921,324,1036.7932098765432
217,URSARING,,90,130,75,75,75,55,NORMAL,,404431,269241,384,701.1484375
218,SLUGMA,,40,40,40,70,40,20,FIRE,,254596,361133,284,1271.5950704225352
219,MAGCARGO,,60,50,120,90,80,30,FIRE,ROCK,349223,360717,324,1113.3240740740741
220,SWINUB,,50,50,40,30,30,50,ICE,GROUND,231324,500272,304,1645.6315789473683
221,PILOSWINE,,100,100,80,60,60,50,ICE,GROUND,340487,358218,404,886.6782178217821
222,CORSOLA,,65,55,95,65,95,35,WATER,ROCK,316949,364880,334,1092.4550898203593
223,REMORAID,,35,65,35,65,35,65,WATER,,284266,382213,274,1394.9379562043796
224,OCTILLERY,,75,105,75,105,75,45,WATER,,387550,260591,354,736.132768361582
225,DELIBIRD,,45,55,45,65,45,75,ICE,FLYING,302424,485381,294,1650.955782312925
226,MANTINE,,85,40,70,80,140,70,WATER,FLYING,291695,300810,374,804.3048128342245
227,SKARMORY,,65,80,140,40,70,70,STEEL,FLYING,311996,212851,334,637.2784431137725
228,HOUNDOUR,,45,60,30,80,50,65,DARK,FIRE,311218,439074,294,1493.4489795918366
229,HOUNDOOM,,75,90,50,110,80,95,DARK,FIRE,387526,349607,354,987.590395480226
230,KINGDRA,,75,95,95,95,95,85,WATER,DRAGON,329970,211536,354,597.5593220338983
231,PHANPY,,90,60,60,40,40,40,GROUND,,257700,363276,384,946.03125
232,DONPHAN,,90,120,120,60,60,50,GROUND,,401360,285598,384,743.7447916666666
233,PORYGON2,,85,80,90,105,95,60,NORMAL,,326757,238310,374,637.192513368984
234,STANTLER,,73,95,62,85,65,85,NORMAL,,316681,297967,350,851.3342857142857
235,SMEARGLE,,55,20,35,20,45,75,NORMAL,,252562,383948,314,1222.7643312101911
236,TYROGUE,,35,35,35,35,35,35,FIGHTING,,176991,391813,274,1429.9744525547446
237,HITMONTOP,,50,95,95,35,110,70,FIGHTING,,321763,221291,304,727.9309210526316
238,SMOOCHUM,,45,30,15,85,65,65,ICE,PSYCHIC,278069,505320,294,1718.7755102040817
239,ELEKID,,45,63,37,65,55,95,ELECTRIC,,249262,312675,294,1063.5204081632653
240,MAGBY,,45,75,37,70,55,83,FIRE,,294658,351981,294,1197.2142857142858
241,MILTANK,,95,80,105,40,70,100,NORMAL,,295181,241587,394,613.1649746192893
242,BLISSEY,,255,10,10,75,135,55,NORMAL,,278143,514533,714,720.6344537815127
243,RAIKOU,,90,85,75,115,100,115,ELECTRIC,,325082,218498,384,569.0052083333334
244,ENTEI,,115,115,85,90,75,100,FIRE,,388449,249744,434,575.447004608295
245,SUICUNE,,100,75,115,90,115,85,WATER,,276855,198167,404,490.51237623762376
246,LARVITAR,,50,64,50,45,50,41,ROCK,GROUND,260019,620746,304,2041.9276315789473
247,PUPITAR,,70,84,70,65,70,51,ROCK,GROUND,306312,518352,344,1506.8372093023256
248,TYRANITAR,,100,134,110,95,100,61,ROCK,DARK,445373,382176,404,945.980198019802
249,LUGIA,,106,90,130,90,154,110,PSYCHIC,FLYING,362382,180255,416,433.30528846153845
250,HOOH,,106,130,90,110,154,90,FIRE,FLYING,472044,296234,416,712.1009615384615
251,CELEBI,,100,100,100,100,100,100,PSYCHIC,GRASS,359928,303816,404,752.019801980198
252,TREECKO,,40,45,35,65,55,70,GRASS,,240465,390068,284,1373.4788732394366
253,GROVYLE,,50,65,45,85,65,95,GRASS,,288162,351281,304,1155.529605263158
254,SCEPTILE,,70,85,65,105,85,120,GRASS,,377592,293298,344,852.6104651162791
255,TORCHIC,,45,60,40,70,50,45,FIRE,,254018,348151,294,1184.187074829932
256,COMBUSKEN,,60,85,60,85,60,55,FIRE,FIGHTING,385470,328948,324,1015.2716049382716
257,BLAZIKEN,,80,120,70,110,70,80,FIRE,FIGHTING,512128,301737,364,828.9478021978022
258,MUDKIP,,50,70,50,50,50,40,WATER,,230232,325088,304,1069.3684210526317
259,MARSHTOMP,,70,85,70,60,70,50,WATER,GROUND,301154,395848,344,1150.7209302325582
260,SWAMPERT,,100,110,90,85,90,60,WATER,GROUND,398079,340070,404,841.7574257425742
261,POOCHYENA,,35,55,35,30,30,35,DARK,,179399,421887,274,1539.7335766423357
262,MIGHTYENA,,70,90,70,60,60,70,DARK,,241143,302404,344,879.0813953488372
263,ZIGZAGOON,,38,30,41,30,41,60,NORMAL,,164456,369041,280,1318.0035714285714
264,LINOONE,,78,70,61,50,61,100,NORMAL,,246148,302854,360,841.2611111111111
265,WURMPLE,,45,45,35,20,30,20,BUG,,81793,405484,294,1379.1972789115646
266,SILCOON,,50,35,55,25,25,15,BUG,,76390,389687,304,1281.8651315789473
267,BEAUTIFLY,,60,70,50,100,50,65,BUG,FLYING,279379,477444,324,1473.5925925925926
268,CASCOON,,50,35,55,25,25,15,BUG,,76390,389687,304,1281.8651315789473
269,DUSTOX,,60,50,70,50,90,65,BUG,POISON,186736,283666,324,875.5123456790124
270,LOTAD,,40,30,30,40,50,30,WATER,GRASS,195258,381490,284,1343.274647887324
271,LOMBRE,,60,50,50,60,70,50,WATER,GRASS,254289,308029,324,950.7067901234568
272,LUDICOLO,,80,70,70,90,100,70,WATER,GRASS,351090,255110,364,700.8516483516484
273,SEEDOT,,40,40,50,30,30,30,GRASS,,215387,405694,284,1428.5
274,NUZLEAF,,70,70,40,60,40,60,GRASS,DARK,305923,529086,344,1538.0406976744187
275,SHIFTRY,,90,100,60,90,60,80,GRASS,DARK,397406,433797,384,1129.6796875
276,TAILLOW,,40,55,30,30,30,85,NORMAL,FLYING,236024,402321,284,1416.6232394366198
277,SWELLOW,,60,85,60,75,50,125,NORMAL,FLYING,321955,308196,324,951.2222222222222
278,WINGULL,,40,30,30,55,30,85,WATER,FLYING,239636,526868,284,1855.1690140845071
279,PELIPPER,,60,50,100,95,70,65,WATER,FLYING,326485,324915,324,1002.824074074074
280,RALTS,,28,25,25,45,35,40,PSYCHIC,FAIRY,185681,406420,260,1563.1538461538462
281,KIRLIA,,38,35,35,65,55,50,PSYCHIC,FAIRY,224067,352041,280,1257.2892857142858
282,GARDEVOIR,,68,65,65,125,115,80,PSYCHIC,FAIRY,377859,255205,340,750.6029411764706
283,SURSKIT,,40,30,32,50,52,65,BUG,WATER,218787,379320,284,1335.6338028169014
284,MASQUERAIN,,70,60,62,100,82,80,BUG,FLYING,338300,404201,344,1175.0029069767443
285,SHROOMISH,,60,40,60,40,60,35,GRASS,,197153,325522,324,1004.6975308641976
286,BRELOOM,,60,130,80,60,60,70,GRASS,FIGHTING,456808,392682,324,1211.9814814814815
287,SLAKOTH,,60,60,60,35,35,30,NORMAL,,233760,339895,324,1049.0586419753085
288,VIGOROTH,,80,80,80,55,55,90,NORMAL,,288093,281356,364,772.9560439560439
289,SLAKING,,150,110,80,65,65,100,NORMAL,,366311,270388,504,536.484126984127
290,NINCADA,,31,45,90,30,30,40,BUG,GROUND,169260,385758,266,1450.218045112782
291,NINJASK,,61,90,45,50,50,160,BUG,FLYING,235799,492932,326,1512.0613496932515
292,SHEDINJA,,1,90,45,30,30,40,BUG,GHOST,256570,393139,1,393139.0
293,WHISMUR,,64,51,23,51,23,28,NORMAL,,209360,459803,332,1384.948795180723
294,LOUDRED,,84,71,43,71,43,48,NORMAL,,269012,361176,372,970.9032258064516
295,EXPLOUD,,104,91,63,91,73,68,NORMAL,,339007,290973,412,706.245145631068
296,MAKUHITA,,72,60,30,20,30,25,FIGHTING,,270123,416184,348,1195.9310344827586
297,HARIYAMA,,144,120,60,40,60,50,FIGHTING,,425741,303302,492,616.4674796747968
298,AZURILL,,50,20,40,20,40,20,NORMAL,FAIRY,125538,349185,304,1148.6348684210527
299,NOSEPASS,,30,45,135,45,90,30,ROCK,,271806,259638,264,983.4772727272727
300,SKITTY,,50,60,45,35,35,60,NORMAL,,214680,367697,304,1209.529605263158
301,DELCATTY,,70,85,65,55,55,90,NORMAL,,276092,301663,344,876.9273255813954
302,SABLEYE,,50,75,75,65,65,50,DARK,GHOST,276076,210733,304,693.2006578947369
303,MAWILE,,50,85,85,55,55,50,STEEL,FAIRY,307991,245114,304,806.296052631579
304,ARON,,50,70,100,40,40,30,STEEL,ROCK,333593,503014,304,1654.6513157894738
305,LAIRON,,60,90,140,50,50,40,STEEL,ROCK,387725,436600,324,1347.530864197531
306,AGGRON,,70,110,180,60,60,50,STEEL,ROCK,468751,389734,344,1132.9476744186047
307,MEDITITE,,30,40,55,40,55,60,FIGHTING,PSYCHIC,233133,297781,264,1127.9583333333333
308,MEDICHAM,,60,60,75,60,75,80,FIGHTING,PSYCHIC,285950,250544,324,773.283950617284
309,ELECTRIKE,,40,45,40,65,40,65,ELECTRIC,,211018,318269,284,1120.6654929577464
310,MANECTRIC,,70,75,60,105,60,105,ELECTRIC,,314665,260743,344,757.9738372093024
311,PLUSLE,,60,50,40,85,75,95,ELECTRIC,,236735,295848,324,913.1111111111111
312,MINUN,,60,40,50,75,85,95,ELECTRIC,,218649,267288,324,824.9629629629629
313,VOLBEAT,,65,73,75,47,85,85,BUG,,244559,261849,334,783.9790419161677
314,ILLUMISE,,65,47,75,73,85,85,BUG,,243436,261849,334,783.9790419161677
315,ROSELIA,,50,60,45,100,80,65,GRASS,POISON,312175,328003,304,1078.9572368421052
316,GULPIN,,70,43,53,43,53,40,POISON,,224412,305377,344,887.7238372093024
317,SWALOT,,100,73,83,73,83,55,POISON,,299571,237097,404,586.8737623762377
318,CARVANHA,,45,90,20,65,20,65,WATER,DARK,249139,556158,294,1891.6938775510205
319,SHARPEDO,,70,120,40,95,40,95,WATER,DARK,355165,432928,344,1258.5116279069769
320,WAILMER,,130,70,35,70,35,60,WATER,,300198,382213,464,823.7349137931035
321,WAILORD,,170,90,45,90,45,60,WATER,,350099,342284,544,629.1985294117648
322,NUMEL,,60,60,40,65,45,35,FIRE,GROUND,285936,449250,324,1386.5740740740741
323,CAMERUPT,,70,100,70,105,75,40,FIRE,GROUND,454390,340181,344,988.8982558139535
324,TORKOAL,,70,85,140,85,70,20,FIRE,,386422,227587,344,661.5901162790698
325,SPOINK,,60,25,35,70,80,60,PSYCHIC,,217057,328477,324,1013.8179012345679
326,GRUMPIG,,80,45,65,90,110,80,PSYCHIC,,299541,245242,364,673.7417582417582
327,SPINDA,,60,60,60,60,60,60,NORMAL,,233334,305656,324,943.3827160493827
328,TRAPINCH,,45,100,45,45,45,10,GROUND,,309408,368151,294,1252.2142857142858
329,VIBRAVA,,50,70,50,50,50,70,GROUND,DRAGON,278086,415356,304,1366.3026315789473
330,FLYGON,,80,100,80,80,80,100,GROUND,DRAGON,356881,320576,364,880.7032967032967
331,CACNEA,,50,85,40,85,40,35,GRASS,,314070,397251,304,1306.7467105263158
332,CACTURNE,,70,115,60,115,60,55,GRASS,DARK,410674,433797,344,1261.0377906976744
333,SWABLU,,45,40,60,40,75,50,NORMAL,FLYING,224278,278190,294,946.2244897959183
334,ALTARIA,,75,70,90,70,105,80,DRAGON,FLYING,317071,288020,354,813.6158192090395
335,ZANGOOSE,,73,115,60,60,60,90,NORMAL,,369602,305656,350,873.3028571428572
336,SEVIPER,,73,100,60,100,60,65,POISON,,306796,286115,350,817.4714285714285
337,LUNATONE,,90,55,65,95,85,70,ROCK,PSYCHIC,357483,312189,384,812.9921875
338,SOLROCK,,90,95,85,55,65,70,ROCK,PSYCHIC,353773,314015,384,817.7473958333334
339,BARBOACH,,50,48,43,46,41,60,WATER,GROUND,223846,516675,304,1699.5888157894738
340,WHISCASH,,110,78,73,76,71,60,WATER,GROUND,297314,390434,424,920.8349056603773
341,CORPHISH,,43,80,65,50,35,35,WATER,,247781,344616,290,1188.3310344827587
342,CRAWDAUNT,,63,120,85,90,55,55,WATER,DARK,348444,329604,330,998.8
343,BALTOY,,40,40,55,40,70,55,GROUND,PSYCHIC,227468,331343,284,1166.7007042253522
344,CLAYDOL,,60,70,105,70,120,75,GROUND,PSYCHIC,313461,229452,324,708.1851851851852
345,LILEEP,,66,41,77,61,87,23,ROCK,GRASS,278136,281127,336,836.6875
346,CRADILY,,86,81,97,81,107,43,ROCK,GRASS,341706,244119,376,649.2526595744681
347,ANORITH,,45,95,50,40,50,75,ROCK,BUG,254286,334505,294,1137.7721088435374
348,ARMALDO,,75,125,100,70,80,45,ROCK,BUG,381385,243207,354,687.0254237288135
349,FEEBAS,,20,15,20,10,55,80,WATER,,108163,405830,244,1663.2377049180327
350,MILOTIC,,95,60,79,100,125,81,WATER,,288915,225913,394,573.3832487309645
351,CASTFORM,,70,70,70,70,70,70,NORMAL,,265121,280319,344,814.8808139534884
352,KECLEON,,60,90,70,60,120,40,NORMAL,,310676,262625,324,810.570987654321
353,SHUPPET,,44,75,35,63,33,45,GHOST,,231545,324283,292,1110.5582191780823
354,BANETTE,,64,115,65,83,63,65,GHOST,,301686,239594,332,721.6686746987951
355,DUSKULL,,20,40,90,30,90,25,GHOST,,166961,195753,244,802.266393442623
356,DUSCLOPS,,40,70,130,60,130,25,GHOST,,276411,152936,284,538.5070422535211
357,TROPIUS,,99,108,83,72,87,51,GRASS,FLYING,364708,338022,402,840.8507462686567
358,CHIMECHO,,75,50,80,95,90,65,PSYCHIC,,262095,227454,354,642.5254237288135
359,ABSOL,,65,130,60,75,60,75,DARK,,371807,320022,334,958.1497005988024
360,WYNAUT,,95,23,48,23,48,23,PSYCHIC,,4649,307979,394,781.6725888324873
361,SNORUNT,,50,50,50,50,50,50,ICE,,187233,384593,304,1265.108552631579
362,GLALIE,,80,80,80,80,80,80,ICE,,322952,296556,364,814.7142857142857
363,SPHEAL,,70,40,50,55,50,25,ICE,WATER,225761,392971,344,1142.3575581395348
364,SEALEO,,90,60,70,75,70,45,ICE,WATER,269725,328003,384,854.1744791666666
365,WALREIN,,110,80,90,95,90,65,ICE,WATER,331888,281669,424,664.313679245283
366,CLAMPERL,,35,64,85,74,55,32,WATER,,204550,282888,274,1032.4379562043796
367,HUNTAIL,,55,104,105,94,75,52,WATER,,288724,240442,314,765.7388535031847
368,GOREBYSS,,55,84,105,114,75,52,WATER,,318597,240442,314,765.7388535031847
369,RELICANTH,,100,90,130,45,65,55,WATER,ROCK,376656,407938,404,1009.7475247524752
370,LUVDISC,,43,30,55,50,65,97,WATER,,185464,296981,290,1024.0724137931034
371,BAGON,,45,75,60,40,30,50,DRAGON,,224233,349406,294,1188.455782312925
372,SHELGON,,65,95,100,60,50,50,DRAGON,,262452,274501,334,821.8592814371258
373,SALAMENCE,,95,135,80,110,80,100,DRAGON,FLYING,405905,326565,394,828.8451776649746
374,BELDUM,,40,55,80,35,60,30,STEEL,PSYCHIC,175472,260768,284,918.1971830985915
375,METANG,,60,75,100,55,80,50,STEEL,PSYCHIC,323434,223480,324,689.7530864197531
376,METAGROSS,,80,135,130,95,90,70,STEEL,PSYCHIC,472977,199200,364,547.2527472527472
377,REGIROCK,,80,100,200,50,100,50,ROCK,,369933,231235,364,635.260989010989
378,REGICE,,80,50,100,100,200,50,ICE,,342180,234360,364,643.8461538461538
379,REGISTEEL,,80,75,150,75,150,50,STEEL,,330368,171916,364,472.2967032967033
380,LATIAS,,80,80,90,110,130,110,DRAGON,PSYCHIC,358793,229182,364,629.6208791208791
381,LATIOS,,80,90,80,130,110,110,DRAGON,PSYCHIC,401582,248552,364,682.8351648351648
382,KYOGRE,,100,100,90,150,140,90,WATER,,486675,208370,404,515.7673267326733
383,GROUDON,,100,150,140,100,90,90,GROUND,,492405,229304,404,567.5841584158416
384,RAYQUAZA,,105,150,90,150,90,95,DRAGON,FLYING,538795,303671,414,733.5048309178744
385,JIRACHI,,100,100,100,100,100,100,STEEL,PSYCHIC,372437,208573,404,516.269801980198
386,DEOXYS,,50,150,50,150,50,150,PSYCHIC,,509902,301785,304,992.7138157894736
387,TURTWIG,,55,68,64,45,55,31,GRASS,,227656,326959,314,1041.2707006369426
388,GROTLE,,75,89,85,55,65,36,GRASS,,260862,289435,354,817.6129943502825
389,TORTERRA,,95,109,105,75,85,56,GRASS,GROUND,411254,316009,394,802.0532994923858
390,CHIMCHAR,,44,58,44,58,44,61,FIRE,,263986,345826,292,1184.335616438356
391,MONFERNO,,64,78,52,78,52,81,FIRE,FIGHTING,369783,354439,332,1067.5873493975903
392,INFERNAPE,,76,104,71,104,71,108,FIRE,FIGHTING,480495,299270,356,840.6460674157304
393,PIPLUP,,53,51,53,61,56,40,WATER,,213582,311218,310,1003.9290322580645
394,PRINPLUP,,64,66,68,81,76,50,WATER,,251135,267379,332,805.3584337349398
395,EMPOLEON,,84,86,88,111,101,60,WATER,STEEL,409863,239827,372,644.6962365591398
396,STARLY,,40,55,30,30,30,60,NORMAL,FLYING,231394,402321,284,1416.6232394366198
397,STARAVIA,,55,75,50,40,40,80,NORMAL,FLYING,274023,340739,314,1085.156050955414
398,STARAPTOR,,85,120,70,50,60,100,NORMAL,FLYING,410800,281372,374,752.3315508021391
399,BIDOOF,,59,45,40,35,40,31,NORMAL,,192238,373157,322,1158.8726708074535
400,BIBAREL,,79,85,60,55,60,71,NORMAL,WATER,304848,343984,362,950.232044198895
401,KRICKETOT,,37,25,41,25,41,25,BUG,,86490,369006,278,1327.3597122302158
402,KRICKETUNE,,77,85,51,55,51,65,BUG,,206433,332665,358,929.231843575419
403,SHINX,,45,65,34,40,34,45,ELECTRIC,,198782,340905,294,1159.5408163265306
404,LUXIO,,60,85,49,60,49,60,ELECTRIC,,234338,289523,324,893.5895061728395
405,LUXRAY,,80,120,79,95,79,70,ELECTRIC,,336915,222659,364,611.7005494505495
406,BUDEW,,40,30,35,50,70,55,GRASS,POISON,209703,363370,284,1279.4718309859154
407,ROSERADE,,60,70,65,125,105,90,GRASS,POISON,366648,272481,324,840.9907407407408
408,CRANIDOS,,67,125,40,30,30,58,ROCK,,459338,477872,338,1413.8224852071005
409,RAMPARDOS,,97,165,60,65,50,58,ROCK,,591476,386508,398,971.1256281407035
410,SHIELDON,,30,42,118,42,88,30,ROCK,STEEL,232731,381681,264,1445.7613636363637
411,BASTIODON,,60,52,168,47,138,30,ROCK,STEEL,261052,290947,324,897.9845679012345
412,BURMY,,40,29,45,29,45,36,BUG,,75608,353705,284,1245.4401408450703
413,WORMADAM,,60,59,85,79,105,36,BUG,GRASS,282260,380497,324,1174.3734567901236
414,MOTHIM,,70,94,50,94,50,66,BUG,FLYING,275023,477444,344,1387.9186046511627
415,COMBEE,,30,30,42,30,42,70,BUG,FLYING,106585,518650,264,1964.5833333333333
416,VESPIQUEN,,70,80,102,80,102,40,BUG,FLYING,256576,315992,344,918.5813953488372
417,PACHIRISU,,60,45,70,45,90,95,ELECTRIC,,192013,228897,324,706.4722222222222
418,BUIZEL,,55,65,35,60,30,85,WATER,,259949,395279,314,1258.8503184713377
419,FLOATZEL,,85,105,55,85,50,115,WATER,,343080,318173,374,850.7299465240642
420,CHERUBI,,45,35,45,62,53,35,GRASS,,197359,364113,294,1238.4795918367347
421,CHERRIM,,70,60,70,87,78,85,GRASS,,258914,290619,344,844.8226744186046
422,SHELLOS,,76,48,48,57,62,34,WATER,,210719,312740,356,878.4831460674158
423,GASTRODON,,111,83,68,92,82,39,WATER,GROUND,313599,377165,426,885.3638497652582
424,AMBIPOM,,75,100,66,60,66,115,NORMAL,,336730,289948,354,819.0621468926554
425,DRIFLOON,,90,50,34,60,44,70,GHOST,FLYING,229505,370602,384,965.109375
426,DRIFBLIM,,150,80,44,90,54,80,GHOST,FLYING,297653,332940,504,660.5952380952381
427,BUNEARY,,55,66,44,44,56,85,NORMAL,,250407,346624,314,1103.8980891719746
428,LOPUNNY,,65,76,84,54,96,105,NORMAL,,285681,245686,334,735.5868263473054
429,MISMAGIUS,,60,60,60,105,105,105,GHOST,,287267,226255,324,698.3179012345679
430,HONCHKROW,,100,125,52,105,52,71,DARK,FLYING,430727,324679,404,803.6608910891089
431,GLAMEOW,,49,55,42,42,37,85,NORMAL,,198674,371718,302,1230.8543046357615
432,PURUGLY,,71,82,64,64,59,112,NORMAL,,263373,299197,346,864.7312138728323
433,CHINGLING,,45,30,50,65,50,45,PSYCHIC,,208555,301785,294,1026.4795918367347
434,STUNKY,,63,63,47,41,41,74,POISON,DARK,267234,297758,330,902.2969696969697
435,SKUNTANK,,103,93,67,71,61,84,POISON,DARK,338587,246120,410,600.2926829268292
436,BRONZOR,,57,24,86,24,86,23,STEEL,PSYCHIC,184620,229699,318,722.3238993710692
437,BRONZONG,,67,89,116,79,116,33,STEEL,PSYCHIC,361011,188858,338,558.7514792899408
438,BONSLY,,50,80,95,10,45,10,ROCK,,354545,368150,304,1211.0197368421052
439,MIMEJR,,20,25,45,70,90,60,PSYCHIC,FAIRY,251591,307633,244,1260.7909836065573
440,HAPPINY,,100,5,5,15,65,30,NORMAL,,127661,562294,404,1391.8168316831684
441,CHATOT,,76,65,45,92,42,91,NORMAL,FLYING,305427,344499,356,967.693820224719
442,SPIRITOMB,,50,92,108,92,108,35,GHOST,DARK,257308,159404,304,524.3552631578947
443,GIBLE,,58,70,45,40,45,42,DRAGON,GROUND,256514,437110,320,1365.96875
444,GABITE,,68,90,65,50,55,82,DRAGON,GROUND,297119,382658,340,1125.464705882353
445,GARCHOMP,,108,130,95,80,85,102,DRAGON,GROUND,384665,300667,420,715.8738095238095
446,MUNCHLAX,,135,85,40,40,85,5,NORMAL,,349022,347867,474,733.8966244725739
447,RIOLU,,40,70,40,35,40,60,FIGHTING,,294729,370180,284,1303.4507042253522
448,LUCARIO,,70,110,70,115,70,90,FIGHTING,STEEL,443798,289487,344,841.5319767441861
449,HIPPOPOTAS,,68,72,78,38,42,32,GROUND,,250551,345739,340,1016.8794117647059
450,HIPPOWDON,,108,112,118,68,72,47,GROUND,,333132,261887,420,623.5404761904762
451,SKORUPI,,40,50,90,30,55,65,POISON,BUG,165567,308851,284,1087.5035211267605
452,DRAPION,,70,90,110,60,75,95,POISON,DARK,255816,197774,344,574.9244186046511
453,CROAGUNK,,48,61,40,61,40,50,POISON,FIGHTING,301400,534657,300,1782.19
454,TOXICROAK,,83,106,65,86,65,85,POISON,FIGHTING,419767,419500,370,1133.7837837837837
455,CARNIVINE,,74,100,72,90,72,46,GRASS,,286822,293787,352,834.6221590909091
456,FINNEON,,49,49,56,49,61,66,WATER,,191158,299935,302,993.1622516556291
457,LUMINEON,,69,69,76,69,86,91,WATER,,236115,249423,342,729.3070175438596
458,MANTYKE,,45,20,50,60,120,50,WATER,FLYING,217908,355786,294,1210.156462585034
459,SNOVER,,60,62,50,62,60,40,GRASS,ICE,279129,477942,324,1475.1296296296296
460,ABOMASNOW,,90,92,75,92,85,60,GRASS,ICE,398265,386152,384,1005.6041666666666
461,WEAVILE,,70,120,65,45,85,125,DARK,ICE,371192,490981,344,1427.2703488372092
462,MAGNEZONE,,70,70,115,130,90,60,ELECTRIC,STEEL,423069,287788,344,836.5930232558139
463,LICKILICKY,,110,85,95,80,95,50,NORMAL,,434092,232458,424,548.25
464,RHYPERIOR,,115,140,130,55,55,40,GROUND,ROCK,553355,533125,434,1228.3986175115208
465,TANGROWTH,,100,100,125,110,50,50,GRASS,,360305,304467,404,753.6311881188119
466,ELECTIVIRE,,75,123,67,95,85,95,ELECTRIC,,380958,235309,354,664.7146892655368
467,MAGMORTAR,,75,95,67,125,95,83,FIRE,,432789,260884,354,736.9604519774011
468,TOGEKISS,,85,50,95,120,115,80,FAIRY,FLYING,359834,231778,374,619.7272727272727
469,YANMEGA,,86,76,86,116,56,95,BUG,FLYING,310440,397854,376,1058.122340425532
470,LEAFEON,,65,110,130,60,65,95,GRASS,,313110,268878,334,805.0239520958083
471,GLACEON,,65,60,110,130,95,65,ICE,,361202,251935,334,754.2964071856287
472,GLISCOR,,75,95,125,45,75,95,GROUND,FLYING,377113,291263,354,822.776836158192
473,MAMOSWINE,,110,130,80,70,60,80,ICE,GROUND,404633,358218,424,844.8537735849056
474,PORYGONZ,,85,80,70,135,75,90,NORMAL,,384753,277148,374,741.0374331550802
475,GALLADE,,68,125,65,65,115,80,PSYCHIC,FIGHTING,453173,250363,340,736.3617647058824
476,PROBOPASS,,60,55,145,75,150,40,ROCK,STEEL,333961,309912,324,956.5185185185185
477,DUSKNOIR,,45,100,135,65,135,45,GHOST,,332382,148915,294,506.51360544217687
478,FROSLASS,,70,80,70,80,70,110,ICE,GHOST,298149,290685,344,845.0145348837209
479,ROTOM,,50,50,77,95,77,91,ELECTRIC,GHOST,271978,226897,304,746.3717105263158
480,UXIE,,75,75,130,75,130,95,PSYCHIC,,266640,169003,354,477.409604519774
481,MESPRIT,,80,105,105,105,105,80,PSYCHIC,,326895,195764,364,537.8131868131868
482,AZELF,,75,125,70,125,70,115,PSYCHIC,,419713,251926,354,711.6553672316384
483,DIALGA,,100,120,120,150,100,90,STEEL,DRAGON,513574,191747,404,474.6212871287129
484,PALKIA,,90,120,100,150,120,100,WATER,DRAGON,480808,196559,384,511.8723958333333
485,HEATRAN,,91,90,106,130,106,77,FIRE,STEEL,478237,289283,386,749.4378238341969
486,REGIGIGAS,,110,160,110,80,110,100,NORMAL,,464119,210907,424,497.42216981132077
487,GIRATINA,,150,100,120,100,120,90,GHOST,DRAGON,353121,189647,504,376.2837301587302
488,CRESSELIA,,120,70,110,75,120,85,PSYCHIC,,259070,186108,444,419.1621621621622
489,PHIONE,,80,80,80,80,80,80,WATER,,258518,250710,364,688.7637362637363
490,MANAPHY,,100,100,100,100,100,100,WATER,,309651,217652,404,538.7425742574258
491,DARKRAI,,70,90,90,135,90,125,DARK,,378239,252044,344,732.6860465116279
492,SHAYMIN,,100,100,100,100,100,100,GRASS,,315882,239596,404,593.059405940594
493,ARCEUS,,120,120,120,120,120,120,NORMAL,,570259,198684,444,447.4864864864865
494,VICTINI,,100,100,100,100,100,100,PSYCHIC,FIRE,468953,227851,404,563.9876237623762
495,SNIVY,,45,45,55,45,55,63,GRASS,,185021,340866,294,1159.408163265306
496,SERVINE,,60,60,75,60,75,83,GRASS,,213731,286835,324,885.2932098765432
497,SERPERIOR,,75,75,95,75,95,113,GRASS,,282370,247741,354,699.8333333333334
498,TEPIG,,65,63,45,45,45,45,FIRE,,285032,342380,334,1025.0898203592815
499,PIGNITE,,90,93,55,70,55,55,FIRE,FIGHTING,423735,344435,384,896.9661458333334
500,EMBOAR,,110,123,65,100,65,65,FIRE,FIGHTING,528185,314776,424,742.3962264150944
501,OSHAWOTT,,55,55,45,63,45,45,WATER,,221251,342284,314,1090.0764331210191
502,DEWOTT,,75,75,60,83,60,60,WATER,,260579,295831,354,835.680790960452
503,SAMUROTT,,95,100,85,108,70,70,WATER,,389631,258525,394,656.1548223350254
504,PATRAT,,45,55,39,35,39,42,NORMAL,,198384,377298,294,1283.3265306122448
505,WATCHOG,,60,85,69,60,69,77,NORMAL,,300564,282678,324,872.4629629629629
506,LILLIPUP,,45,60,45,25,45,55,NORMAL,,212717,353728,294,1203.156462585034
507,HERDIER,,65,80,65,35,65,60,NORMAL,,252591,292515,334,875.7934131736527
508,STOUTLAND,,85,110,90,45,90,80,NORMAL,,324545,240647,374,643.4411764705883
509,PURRLOIN,,41,50,37,50,37,66,DARK,,177794,403984,286,1412.5314685314686
510,LIEPARD,,64,88,50,88,50,106,DARK,,252576,351669,332,1059.2439759036145
511,PANSAGE,,50,53,48,53,48,64,GRASS,,240794,365028,304,1200.75
512,SIMISAGE,,75,98,63,98,63,101,GRASS,,353273,316929,354,895.2796610169491
513,PANSEAR,,50,53,48,53,48,64,FIRE,,266546,331852,304,1091.6184210526317
514,SIMISEAR,,75,98,63,98,63,101,FIRE,,384192,288095,354,813.8276836158192
515,PANPOUR,,50,53,48,53,48,64,WATER,,233525,331745,304,1091.266447368421
516,SIMIPOUR,,75,98,63,98,63,101,WATER,,339595,288006,354,813.5762711864406
517,MUNNA,,76,25,45,67,55,24,PSYCHIC,,213919,308210,356,865.7584269662922
518,MUSHARNA,,116,55,85,107,95,29,PSYCHIC,,288745,219339,436,503.0711009174312
519,PIDOVE,,50,55,50,36,30,43,NORMAL,FLYING,232207,367085,304,1207.516447368421
520,TRANQUILL,,62,77,62,50,42,65,NORMAL,FLYING,279479,322193,328,982.295731707317
521,UNFEZANT,,80,115,80,65,55,93,NORMAL,FLYING,382684,281073,364,772.1785714285714
522,BLITZLE,,45,60,32,50,32,76,ELECTRIC,,188617,349197,294,1187.7448979591836
523,ZEBSTRIKA,,75,100,63,80,63,116,ELECTRIC,,295953,253845,354,717.0762711864406
524,ROGGENROLA,,55,75,85,25,25,15,ROCK,,287918,454555,314,1447.6273885350317
525,BOLDORE,,70,105,105,50,40,20,ROCK,,357023,381181,344,1108.0843023255813
526,GIGALITH,,85,135,130,60,80,25,ROCK,,438601,275845,374,737.5534759358288
527,WOOBAT,,65,45,43,55,43,72,PSYCHIC,FLYING,207958,362135,334,1084.2365269461077
528,SWOOBAT,,67,57,55,77,55,114,PSYCHIC,FLYING,277330,321041,338,949.8254437869823
529,DRILBUR,,60,85,40,30,45,68,GROUND,,243513,377075,324,1163.8117283950617
530,EXCADRILL,,110,135,60,50,65,88,GROUND,STEEL,350713,329275,424,776.5919811320755
531,AUDINO,,103,60,86,60,86,50,NORMAL,,267368,247655,410,604.0365853658536
532,TIMBURR,,75,80,55,25,35,35,FIGHTING,,314584,358690,354,1013.2485875706215
533,GURDURR,,85,105,85,40,50,40,FIGHTING,,376962,297953,374,796.6657754010695
534,CONKELDURR,,105,140,95,55,65,45,FIGHTING,,463591,264132,414,638.0
535,TYMPOLE,,50,50,40,50,40,64,WATER,,179362,361057,304,1187.6875
536,PALPITOAD,,75,65,55,65,55,69,WATER,GROUND,266527,451723,354,1276.053672316384
537,SEISMITOAD,,105,95,75,85,75,74,WATER,GROUND,341428,380226,414,918.4202898550725
538,THROH,,120,100,85,30,85,45,FIGHTING,,367679,247653,444,557.777027027027
539,SAWK,,75,125,75,30,75,85,FIGHTING,,430372,267205,354,754.8163841807909
540,SEWADDLE,,45,53,70,40,60,42,BUG,GRASS,187760,469754,294,1597.8027210884354
541,SWADLOON,,55,63,90,50,80,42,BUG,GRASS,207499,400818,314,1276.4904458598726
542,LEAVANNY,,75,103,80,70,70,92,BUG,GRASS,286815,432441,354,1221.584745762712
543,VENIPEDE,,30,45,59,30,39,57,BUG,POISON,155525,372921,264,1412.5795454545455
544,WHIRLIPEDE,,40,55,99,40,79,47,BUG,POISON,172513,263649,284,928.3415492957746
545,SCOLIPEDE,,60,100,89,55,69,112,BUG,POISON,329995,284316,324,877.5185185185185
546,COTTONEE,,40,27,60,37,50,66,GRASS,FAIRY,168281,433958,284,1528.0211267605634
547,WHIMSICOTT,,60,67,85,77,75,116,GRASS,FAIRY,278319,351134,324,1083.7469135802469
548,PETILIL,,45,35,50,70,50,30,GRASS,,229495,357695,294,1216.6496598639455
549,LILLIGANT,,70,60,75,110,75,90,GRASS,,326258,286835,344,833.8226744186046
550,BASCULIN,,70,92,65,80,55,98,WATER,,332559,298058,344,866.4476744186046
551,SANDILE,,50,72,35,35,35,65,GROUND,DARK,250471,477462,304,1570.5986842105262
552,KROKOROK,,60,82,45,45,45,74,GROUND,DARK,300148,427548,324,1319.5925925925926
553,KROOKODILE,,95,117,80,65,70,92,GROUND,DARK,392434,325914,394,827.1928934010152
554,DARUMAKA,,70,90,45,15,45,50,FIRE,,310037,342380,344,995.2906976744187
555,DARMANITAN,,105,140,55,30,55,95,FIRE,,435854,309860,414,748.4541062801933
556,MARACTUS,,75,86,67,106,67,60,GRASS,,296823,306228,354,865.0508474576271
557,DWEBBLE,,50,65,85,35,35,55,BUG,ROCK,307117,343246,304,1129.0986842105262
558,CRUSTLE,,70,105,125,65,75,45,BUG,ROCK,422615,239685,344,696.7587209302326
559,SCRAGGY,,50,75,70,35,70,48,DARK,FIGHTING,346919,352536,304,1159.657894736842
560,SCRAFTY,,65,90,115,45,115,58,DARK,FIGHTING,388792,257688,334,771.5209580838323
561,SIGILYPH,,72,58,80,103,80,97,PSYCHIC,FLYING,338182,259921,348,746.8994252873563
562,YAMASK,,38,30,85,55,65,30,GHOST,,158693,220925,280,789.0178571428571
563,COFAGRIGUS,,58,50,145,95,105,30,GHOST,,233541,160861,320,502.690625
564,TIRTOUGA,,54,78,103,53,45,22,WATER,ROCK,273741,490847,312,1573.2275641025642
565,CARRACOSTA,,74,108,133,83,65,32,WATER,ROCK,364011,407023,352,1156.315340909091
566,ARCHEN,,55,90,43,54,43,70,ROCK,FLYING,375838,378968,314,1206.904458598726
567,ARCHEOPS,,75,120,65,60,65,110,ROCK,FLYING,501561,307074,354,867.4406779661017
568,TRUBBISH,,50,50,62,40,62,65,POISON,,220887,281008,304,924.3684210526316
569,GARBODOR,,80,95,82,60,82,75,POISON,,330834,238813,364,656.0796703296703
570,ZORUA,,40,65,40,80,40,65,DARK,,201116,390602,284,1375.3591549295775
571,ZOROARK,,60,105,60,120,60,105,DARK,,320153,320022,324,987.7222222222222
572,MINCCINO,,55,50,40,40,40,75,NORMAL,,189616,373157,314,1188.3980891719746
573,CINCCINO,,75,95,60,65,60,115,NORMAL,,298910,305656,354,863.4350282485875
574,GOTHITA,,45,30,50,55,65,45,PSYCHIC,,191304,290062,294,986.6054421768707
575,GOTHORITA,,60,45,70,75,85,55,PSYCHIC,,227049,243381,324,751.175925925926
576,GOTHITELLE,,70,55,95,95,110,65,PSYCHIC,,292459,202924,344,589.8953488372093
577,SOLOSIS,,45,30,40,105,50,20,PSYCHIC,,291491,324698,294,1104.4149659863945
578,DUOSION,,65,40,50,125,60,30,PSYCHIC,,328613,293132,334,877.6407185628742
579,REUNICLUS,,110,65,75,125,85,30,PSYCHIC,,369291,236220,424,557.122641509434
580,DUCKLETT,,62,44,50,44,50,55,WATER,FLYING,209772,422210,328,1287.2256097560976
581,SWANNA,,75,87,63,87,63,98,WATER,FLYING,348984,374200,354,1057.0621468926554
582,VANILLITE,,36,50,50,65,60,44,ICE,,253025,372528,276,1349.7391304347825
583,VANILLISH,,51,65,65,80,75,59,ICE,,288247,325540,306,1063.8562091503268
584,VANILLUXE,,71,95,85,110,95,79,ICE,,358920,278784,346,805.7341040462428
585,DEERLING,,60,60,50,40,50,75,NORMAL,GRASS,238041,399509,324,1233.0524691358025
586,SAWSBUCK,,80,100,70,60,70,95,NORMAL,GRASS,337250,333477,364,916.1456043956044
587,EMOLGA,,55,75,60,75,60,103,ELECTRIC,FLYING,258750,272039,314,866.3662420382166
588,KARRABLAST,,50,75,45,40,45,60,BUG,,229939,353705,304,1163.5032894736842
589,ESCAVALIER,,70,135,105,60,105,20,BUG,STEEL,381292,252643,344,734.4273255813954
590,FOONGUS,,69,55,45,55,55,15,GRASS,POISON,217876,353294,342,1033.0233918128654
591,AMOONGUSS,,114,85,70,85,80,30,GRASS,POISON,292089,282747,432,654.5069444444445
592,FRILLISH,,55,40,50,65,85,40,WATER,GHOST,287425,290723,314,925.8694267515923
593,JELLICENT,,100,60,70,85,105,60,WATER,GHOST,338659,245827,404,608.4826732673267
594,ALOMOMOLA,,165,75,80,40,45,65,WATER,,211588,307799,534,576.4026217228464
595,JOLTIK,,50,47,50,57,50,65,BUG,ELECTRIC,214185,310888,304,1022.6578947368421
596,GALVANTULA,,70,77,60,97,60,108,BUG,ELECTRIC,294908,282927,344,822.4622093023256
597,FERROSEED,,44,50,91,24,86,10,GRASS,STEEL,240369,310562,292,1063.5684931506848
598,FERROTHORN,,74,94,131,54,116,20,GRASS,STEEL,362764,250178,352,710.7329545454545
599,KLINK,,40,55,70,45,60,30,STEEL,,212113,293793,284,1034.4823943661972
600,KLANG,,60,80,95,70,85,50,STEEL,,264734,242148,324,747.3703703703703
601,KLINKLANG,,60,100,115,70,85,90,STEEL,,291114,226463,324,698.9598765432099
602,TYNAMO,,35,55,40,45,40,60,ELECTRIC,,107609,318269,274,1161.565693430657
603,EELEKTRIK,,65,85,70,75,70,40,ELECTRIC,,258083,239140,334,715.9880239520958
604,EELEKTROSS,,85,115,80,105,80,50,ELECTRIC,,376633,220959,374,590.7994652406417
605,ELGYEM,,55,55,55,85,55,30,PSYCHIC,,250078,287576,314,915.8471337579617
606,BEHEEYEM,,75,75,75,125,95,40,PSYCHIC,,347501,232182,354,655.8813559322034
607,LITWICK,,50,30,55,65,55,20,GHOST,FIRE,272155,313800,304,1032.2368421052631
608,LAMPENT,,60,40,60,95,60,55,GHOST,FIRE,340022,299723,324,925.070987654321
609,CHANDELURE,,60,55,90,145,90,80,GHOST,FIRE,459235,236286,324,729.2777777777778
610,AXEW,,46,87,60,30,40,57,DRAGON,,261482,322652,296,1090.0405405405406
611,FRAXURE,,66,117,70,40,50,67,DRAGON,,317563,292587,336,870.7946428571429
612,HAXORUS,,76,147,90,60,70,97,DRAGON,,385563,247007,356,693.8398876404494
613,CUBCHOO,,55,70,40,60,40,40,ICE,,267398,427166,314,1360.4012738853503
614,BEARTIC,,95,130,80,70,80,50,ICE,,394821,296556,394,752.6802030456853
615,CRYOGONAL,,80,50,50,95,135,105,ICE,,311730,348436,364,957.2417582417582
616,SHELMET,,50,40,85,40,65,25,BUG,,141212,270100,304,888.4868421052631
617,ACCELGOR,,80,70,40,100,60,145,BUG,,271906,350550,364,963.0494505494505
618,STUNFISK,,109,66,84,81,99,32,GROUND,ELECTRIC,289224,256082,422,606.8293838862559
619,MIENFOO,,45,85,50,55,50,65,FIGHTING,,327035,333297,294,1133.6632653061224
620,MIENSHAO,,65,125,60,95,60,105,FIGHTING,,431343,303302,334,908.0898203592815
621,DRUDDIGON,,77,120,90,60,90,48,DRAGON,,343450,227910,358,636.6201117318436
622,GOLETT,,59,74,50,35,50,35,GROUND,GHOST,300119,349311,322,1084.8167701863354
623,GOLURK,,89,124,80,55,80,55,GROUND,GHOST,429440,269568,382,705.6753926701571
624,PAWNIARD,,45,85,70,40,40,60,DARK,STEEL,254282,502322,294,1708.578231292517
625,BISHARP,,65,125,100,60,70,70,DARK,STEEL,329539,391548,334,1172.2994011976048
626,BOUFFALANT,,95,110,95,40,95,55,NORMAL,,338003,232458,394,589.994923857868
627,RUFFLET,,70,83,50,37,50,60,NORMAL,FLYING,283084,322156,344,936.5
628,BRAVIARY,,100,123,75,57,75,80,NORMAL,FLYING,420156,258278,404,639.3019801980198
629,VULLABY,,70,55,75,45,65,60,DARK,FLYING,221311,277267,344,806.0087209302326
630,MANDIBUZZ,,110,65,105,55,95,80,DARK,FLYING,271496,222138,424,523.9103773584906
631,HEATMOR,,85,97,66,105,66,65,FIRE,,392336,280728,374,750.6096256684492
632,DURANT,,58,109,112,48,48,109,BUG,STEEL,317543,355095,320,1109.671875
633,DEINO,,52,65,50,45,50,38,DARK,DRAGON,263354,434762,308,1411.564935064935
634,ZWEILOUS,,72,85,70,65,70,58,DARK,DRAGON,310444,363041,348,1043.221264367816
635,HYDREIGON,,92,105,90,125,90,98,DARK,DRAGON,420525,311892,388,803.8453608247422
636,LARVESTA,,55,85,55,50,55,60,BUG,FIRE,289512,437351,314,1392.8375796178343
637,VOLCARONA,,85,60,65,135,105,100,BUG,FIRE,442302,371745,374,993.9705882352941
638,COBALION,,91,90,129,90,72,108,STEEL,FIGHTING,356057,238244,386,617.2124352331606
639,TERRAKION,,91,129,90,72,90,108,ROCK,FIGHTING,434837,307803,386,797.4170984455959
640,VIRIZION,,91,90,72,90,129,108,GRASS,FIGHTING,374000,348117,386,901.8575129533679
641,TORNADUS,,79,115,70,125,80,111,FLYING,,375543,257800,362,712.1546961325967
642,THUNDURUS,,79,115,70,125,80,111,ELECTRIC,FLYING,390907,241526,362,667.1988950276243
643,RESHIRAM,,100,120,100,150,120,90,DRAGON,FIRE,517670,208370,404,515.7673267326733
644,ZEKROM,,100,150,120,120,100,90,DRAGON,ELECTRIC,494179,206290,404,510.6188118811881
645,LANDORUS,,89,125,90,115,80,101,GROUND,FLYING,436757,298606,382,781.6910994764398
646,KYUREM,,125,130,90,130,90,95,DRAGON,ICE,434700,277297,454,610.7863436123348
647,KELDEO,,91,72,90,129,90,108,WATER,FIGHTING,405210,268516,386,695.6373056994819
648,MELOETTA,,100,77,77,128,128,90,NORMAL,PSYCHIC,387945,217786,404,539.0742574257425
649,GENESECT,,71,120,95,120,95,99,BUG,STEEL,439752,269745,346,779.6098265895954
650,CHESPIN,,56,61,65,48,45,38,GRASS,,259836,345866,316,1094.512658227848
651,QUILLADIN,,61,78,95,56,58,57,GRASS,,295788,295075,326,905.138036809816
652,CHESNAUGHT,,88,107,122,74,75,64,GRASS,FIGHTING,433775,327451,380,861.7131578947368
653,FENNEKIN,,40,45,40,62,60,60,FIRE,,259312,339357,284,1194.9190140845071
654,BRAIXEN,,59,59,58,90,70,73,FIRE,,322795,290542,322,902.304347826087
655,DELPHOX,,75,69,72,114,100,104,FIRE,PSYCHIC,454494,263753,354,745.0649717514125
656,FROAKIE,,41,56,40,62,44,71,WATER,,216128,353322,286,1235.3916083916083
657,FROGADIER,,54,63,52,83,56,97,WATER,,257498,312723,312,1002.3173076923077
658,GRENINJA,,72,95,67,103,71,122,WATER,DARK,374970,329324,348,946.3333333333334
659,BUNNELBY,,38,36,38,32,36,57,NORMAL,,168264,384288,280,1372.4571428571428
660,DIGGERSBY,,85,56,77,50,77,78,NORMAL,GROUND,264705,311715,374,833.4625668449198
661,FLETCHLING,,45,50,43,40,38,62,NORMAL,FLYING,207060,356084,294,1211.1700680272108
662,FLETCHINDER,,62,73,55,56,52,84,FIRE,FLYING,270289,436902,328,1332.0182926829268
663,TALONFLAME,,78,81,71,74,69,126,FIRE,FLYING,318505,377860,360,1049.611111111111
664,SCATTERBUG,,38,35,40,27,25,35,BUG,,72054,409253,280,1461.6178571428572
665,SPEWPA,,45,22,60,27,30,29,BUG,,71193,367139,294,1248.7721088435374
666,VIVILLON,,80,52,50,90,50,89,BUG,FLYING,292895,477444,364,1311.6593406593406
667,LITLEO,,62,50,58,73,54,72,FIRE,NORMAL,287796,349326,328,1065.0182926829268
668,PYROAR,,86,68,72,109,66,106,FIRE,NORMAL,395155,311024,376,827.1914893617021
669,FLABEBE,,44,38,39,61,79,42,FAIRY,,193306,317698,292,1088.0068493150684
670,FLOETTE,,54,45,47,75,98,52,FAIRY,,217273,290116,312,929.8589743589744
671,FLORGES,,78,65,68,112,154,75,FAIRY,,356921,236860,360,657.9444444444445
672,SKIDDO,,66,65,48,62,57,52,GRASS,,241862,352103,336,1047.9255952380952
673,GOGOAT,,123,100,62,97,81,68,GRASS,,345957,301391,450,669.7577777777777
674,PANCHAM,,67,82,62,46,48,43,FIGHTING,,333061,319912,338,946.4852071005918
675,PANGORO,,95,124,78,69,71,58,FIGHTING,DARK,462796,338168,394,858.2944162436548
676,FURFROU,,75,80,60,65,90,102,NORMAL,,252438,290080,354,819.4350282485875
677,ESPURR,,62,48,54,63,60,68,PSYCHIC,,190256,285115,328,869.2530487804878
678,MEOWSTIC,,74,48,76,83,81,104,PSYCHIC,,223820,237014,352,673.3352272727273
679,HONEDGE,,45,80,100,35,37,28,STEEL,GHOST,246984,295029,294,1003.5
680,DOUBLADE,,59,110,150,45,49,35,STEEL,GHOST,297630,256064,322,795.2298136645962
681,AEGISLASH,,60,50,140,50,140,60,STEEL,GHOST,251140,163411,324,504.35493827160496
682,SPRITZEE,,78,52,60,63,65,23,FAIRY,,191912,277859,360,771.8305555555555
683,AROMATISSE,,101,72,72,99,89,29,FAIRY,,268666,243606,406,600.0147783251232
684,SWIRLIX,,62,48,66,59,57,49,FAIRY,,203556,279032,328,850.7073170731708
685,SLURPUFF,,82,80,86,85,75,72,FAIRY,,263230,238829,368,648.991847826087
686,INKAY,,53,54,53,37,46,45,DARK,PSYCHIC,209686,408006,310,1316.1483870967743
687,MALAMAR,,86,92,88,68,75,73,DARK,PSYCHIC,285956,309752,376,823.8085106382979
688,BINACLE,,42,52,67,39,56,50,ROCK,WATER,220700,479598,288,1665.2708333333333
689,BARBARACLE,,72,105,115,86,68,54,ROCK,WATER,358580,405305,348,1164.6695402298851
690,SKRELP,,50,60,60,60,60,30,POISON,WATER,241185,299941,304,986.6480263157895
691,DRAGALGE,,65,75,90,97,123,44,POISON,DRAGON,326432,228058,334,682.8083832335329
692,CLAUNCHER,,50,53,62,58,63,44,WATER,,215344,289224,304,951.3947368421053
693,CLAWITZER,,71,73,88,120,89,59,WATER,,355796,235442,346,680.4682080924855
694,HELIOPTILE,,44,38,33,61,43,70,ELECTRIC,NORMAL,204421,400243,292,1370.695205479452
695,HELIOLISK,,62,55,52,109,94,109,ELECTRIC,NORMAL,364728,315641,328,962.3201219512196
696,TYRUNT,,58,89,77,45,45,48,ROCK,DRAGON,310298,353041,320,1103.253125
697,TYRANTRUM,,82,121,119,69,59,71,ROCK,DRAGON,463490,296073,368,804.5461956521739
698,AMAURA,,77,59,50,67,63,46,ROCK,ICE,294961,640246,358,1788.3966480446927
699,AURORUS,,123,77,72,99,92,58,ROCK,ICE,379220,522651,450,1161.4466666666667
700,SYLVEON,,95,65,65,110,130,60,FAIRY,,275728,244598,394,620.8071065989848
701,HAWLUCHA,,78,92,75,74,63,118,FIGHTING,FLYING,414834,300272,360,834.0888888888888
702,DEDENNE,,67,58,57,81,67,101,ELECTRIC,FAIRY,254071,272648,338,806.6508875739645
703,CARBINK,,50,50,150,50,150,50,ROCK,FAIRY,261517,253389,304,833.516447368421
704,GOOMY,,45,50,35,55,75,40,DRAGON,,206048,337378,294,1147.544217687075
705,SLIGGOO,,68,75,53,83,113,60,DRAGON,,271658,276753,340,813.9794117647059
706,GOODRA,,90,100,70,110,150,80,DRAGON,,377266,236886,384,616.890625
707,KLEFKI,,57,80,91,80,87,75,STEEL,FAIRY,273913,205494,318,646.2075471698113
708,PHANTUMP,,43,70,48,50,60,38,GHOST,GRASS,261167,324370,290,1118.5172413793102
709,TREVENANT,,85,110,76,65,82,56,GHOST,GRASS,358996,260056,374,695.336898395722
710,PUMPKABOO,,49,66,70,44,55,51,GHOST,GRASS,286594,299483,302,991.6655629139073
711,GOURGEIST,,65,90,122,58,75,84,GHOST,GRASS,359486,238464,334,713.9640718562874
712,BERGMITE,,55,69,85,32,35,28,ICE,,201017,377944,314,1203.6433121019109
713,AVALUGG,,95,117,184,44,46,28,ICE,,338795,320494,394,813.4365482233502
714,NOIBAT,,40,30,35,45,40,55,FLYING,DRAGON,228944,482016,284,1697.2394366197184
715,NOIVERN,,85,70,80,97,80,123,FLYING,DRAGON,362799,326565,374,873.1684491978609
716,XERNEAS,,126,131,95,131,98,99,FAIRY,,385043,213444,456,468.07894736842104
717,YVELTAL,,126,131,95,131,98,99,DARK,FLYING,458173,227154,456,498.14473684210526
718,ZYGARDE,,108,100,121,81,95,95,DRAGON,GROUND,337811,272043,420,647.7214285714285
719,DIANCIE,,50,100,150,100,150,50,ROCK,FAIRY,392829,253389,304,833.516447368421
720,HOOPA,,80,110,60,150,130,70,PSYCHIC,GHOST,435013,395766,364,1087.2692307692307
721,VOLCANION,,80,110,120,130,90,70,FIRE,WATER,493710,210163,364,577.3708791208791
722,ROWLET,,68,55,55,50,50,42,GRASS,FLYING,276930,446461,340,1313.120588235294
723,DARTRIX,,78,75,75,70,70,52,GRASS,FLYING,329837,374026,360,1038.9611111111112
724,DECIDUEYE,,78,107,75,100,100,70,GRASS,GHOST,405750,249431,360,692.8638888888889
725,LITTEN,,45,65,40,60,40,70,FIRE,,242618,361133,294,1228.343537414966
726,TORRACAT,,65,85,50,80,50,90,FIRE,,285318,325164,334,973.5449101796407
727,INCINEROAR,,95,115,90,80,90,60,FIRE,DARK,405877,266249,394,675.758883248731
728,POPPLIO,,50,54,54,66,56,40,WATER,,223194,309724,304,1018.828947368421
729,BRIONNE,,60,69,69,91,81,50,WATER,,269102,261783,324,807.9722222222222
730,PRIMARINA,,80,74,74,126,116,60,WATER,FAIRY,444388,243197,364,668.1236263736264
731,PIKIPEK,,35,75,30,30,30,65,NORMAL,FLYING,280410,402321,274,1468.3248175182482
732,TRUMBEAK,,55,85,50,40,50,75,NORMAL,FLYING,303213,322156,314,1025.9745222929937
733,TOUCANNON,,80,120,75,75,75,60,NORMAL,FLYING,410150,258278,364,709.554945054945
734,YUNGOOS,,48,70,30,30,30,45,NORMAL,,229198,419624,300,1398.7466666666667
735,GUMSHOOS,,88,110,60,55,60,45,NORMAL,,351169,305656,380,804.3578947368421
736,GRUBBIN,,47,62,45,55,45,46,BUG,,174514,353705,298,1186.9295302013422
737,CHARJABUG,,57,82,95,55,75,36,BUG,ELECTRIC,234766,232394,318,730.7987421383648
738,VIKAVOLT,,77,70,90,145,75,43,BUG,ELECTRIC,420862,235867,358,658.8463687150838
739,CRABRAWLER,,47,82,57,42,47,63,FIGHTING,,329529,327878,298,1100.2617449664428
740,CRABOMINABLE,,97,132,77,62,67,43,FIGHTING,ICE,497707,341187,398,857.2537688442211
741,ORICORIO,,75,70,70,98,70,93,FIRE,FLYING,295807,378494,354,1069.1920903954801
742,CUTIEFLY,,40,45,40,55,40,84,BUG,FAIRY,189271,410980,284,1447.112676056338
743,RIBOMBEE,,60,55,60,95,70,124,BUG,FAIRY,275755,325926,324,1005.9444444444445
744,ROCKRUFF,,45,65,40,30,40,60,ROCK,,220287,449186,294,1527.843537414966
745,LYCANROC,,75,115,65,55,65,112,ROCK,,336180,352257,354,995.0762711864406
746,WISHIWASHI,,45,20,20,25,25,40,WATER,,141431,448761,294,1526.3979591836735
747,MAREANIE,,50,53,62,43,52,45,POISON,WATER,215787,308970,304,1016.3486842105264
748,TOXAPEX,,50,63,152,53,142,35,POISON,WATER,238133,168919,304,555.6546052631579
749,MUDBRAY,,70,100,70,45,55,45,GROUND,,293245,317638,344,923.3662790697674
750,MUDSDALE,,100,125,100,55,85,35,GROUND,,345831,250017,404,618.8539603960396
751,DEWPIDER,,38,40,52,40,72,27,WATER,BUG,190558,308072,280,1100.2571428571428
752,ARAQUANID,,68,70,92,50,132,42,WATER,BUG,225777,218880,340,643.7647058823529
753,FOMANTIS,,40,55,35,50,35,35,GRASS,,205722,420482,284,1480.5704225352113
754,LURANTIS,,70,105,90,80,90,45,GRASS,,320869,256477,344,745.5726744186046
755,MORELULL,,40,35,55,65,75,15,GRASS,FAIRY,237483,407030,284,1433.2042253521126
756,SHIINOTIC,,60,45,80,90,100,30,GRASS,FAIRY,292965,332858,324,1027.3395061728395
757,SALANDIT,,48,44,40,71,40,77,POISON,FIRE,271702,520435,300,1734.7833333333333
758,SALAZZLE,,68,64,60,111,60,117,POISON,FIRE,358706,426730,340,1255.0882352941176
759,STUFFUL,,70,75,50,45,50,50,NORMAL,FIGHTING,305833,384865,344,1118.7936046511627
760,BEWEAR,,120,125,80,55,60,60,NORMAL,FIGHTING,441578,319276,444,719.0900900900901
761,BOUNSWEET,,42,30,38,30,38,32,GRASS,,158524,406168,288,1410.3055555555557
762,STEENEE,,52,40,48,40,48,62,GRASS,,180638,365028,308,1185.155844155844
763,TSAREENA,,72,120,98,50,98,72,GRASS,,354501,242778,348,697.6379310344828
764,COMFEY,,51,52,90,82,110,100,FAIRY,,221050,212507,306,694.4673202614379
765,ORANGURU,,90,60,80,90,110,60,NORMAL,PSYCHIC,313555,216675,384,564.2578125
766,PASSIMIAN,,100,120,90,40,60,80,FIGHTING,,409145,275254,404,681.3217821782179
767,WIMPOD,,25,35,40,20,30,80,BUG,WATER,131257,388791,254,1530.6732283464567
768,GOLISOPOD,,75,125,140,60,90,40,BUG,WATER,340793,207786,354,586.9661016949152
769,SANDYGAST,,55,55,80,70,45,15,GHOST,GROUND,248461,337864,314,1076.0
770,PALOSSAND,,85,75,110,100,75,35,GHOST,GROUND,305945,260863,374,697.4946524064171
771,PYUKUMUKU,,55,60,130,30,130,5,WATER,,98857,181892,314,579.2738853503184
772,TYPENULL,,95,95,95,95,95,59,NORMAL,,283112,232458,394,589.994923857868
773,SILVALLY,,95,95,95,95,95,95,NORMAL,,447383,232458,394,589.994923857868
774,MINIOR,,60,60,100,60,100,60,ROCK,FLYING,288601,236267,324,729.2191358024692
775,KOMALA,,65,115,65,75,95,65,NORMAL,,353828,278007,334,832.3562874251497
776,TURTONATOR,,60,78,135,91,85,36,FIRE,DRAGON,416668,205571,324,634.4783950617284
777,TOGEDEMARU,,65,98,63,40,73,96,ELECTRIC,STEEL,302940,389109,334,1164.997005988024
778,MIMIKYU,,55,90,80,50,105,96,GHOST,FAIRY,262658,210962,314,671.8535031847134
779,BRUXISH,,68,105,70,70,70,92,WATER,PSYCHIC,315359,290246,340,853.6647058823529
780,DRAMPA,,78,60,85,135,91,36,NORMAL,DRAGON,427944,269499,360,748.6083333333333
781,DHELMISE,,70,131,100,86,90,40,GHOST,GRASS,416281,231525,344,673.0377906976744
782,JANGMOO,,45,55,65,45,45,45,DRAGON,,224620,306914,294,1043.9251700680272
783,HAKAMOO,,55,75,90,65,70,65,DRAGON,FIGHTING,321462,326614,314,1040.1719745222929
784,KOMMOO,,75,110,125,100,105,85,DRAGON,FIGHTING,417960,257053,354,726.138418079096
785,TAPUKOKO,,70,115,85,95,75,130,ELECTRIC,FAIRY,325010,230092,344,668.8720930232558
786,TAPULELE,,70,85,75,130,115,95,PSYCHIC,FAIRY,387444,237462,344,690.296511627907
787,TAPUBULU,,70,130,115,85,95,75,GRASS,FAIRY,428715,296313,344,861.375
788,TAPUFINI,,70,75,115,95,130,85,WATER,FAIRY,300835,196696,344,571.7906976744187
789,COSMOG,,43,29,31,29,31,37,PSYCHIC,,0,372175,290,1283.3620689655172
790,COSMOEM,,43,29,131,131,37,37,PSYCHIC,,83222,280928,290,968.7172413793104
791,SOLGALEO,,137,137,107,113,89,97,PSYCHIC,STEEL,466089,211236,478,441.9163179916318
792,LUNALA,,137,113,89,137,107,97,PSYCHIC,GHOST,481095,327283,478,684.6924686192468
793,NIHILEGO,,109,53,47,127,131,103,ROCK,POISON,389142,435228,422,1031.345971563981
794,BUZZWOLE,,107,139,139,53,53,79,BUG,FIGHTING,480367,353901,418,846.6531100478469
795,PHEROMOSA,,71,137,37,137,37,151,BUG,FIGHTING,460346,517262,346,1494.9768786127167
796,XURKITREE,,83,89,71,173,71,83,ELECTRIC,,441163,237209,370,641.1054054054053
797,CELESTEELA,,97,101,103,107,101,61,STEEL,FLYING,411738,186185,398,467.80150753768845
798,KARTANA,,59,181,131,59,31,109,GRASS,STEEL,443932,438888,322,1363.0062111801242
799,GUZZLORD,,223,101,53,97,53,43,DARK,DRAGON,332954,422283,650,649.6661538461539
800,NECROZMA,,97,107,101,127,89,79,PSYCHIC,,438477,207605,398,521.6206030150754
801,MAGEARNA,,80,95,115,130,115,65,STEEL,FAIRY,469190,173642,364,477.03846153846155
802,MARSHADOW,,90,125,80,90,90,125,FIGHTING,GHOST,471555,240415,384,626.0807291666666
803,POIPOLE,,67,73,67,73,67,73,POISON,,205420,269147,338,796.292899408284
804,NAGANADEL,,73,73,73,127,73,121,POISON,DRAGON,360968,281464,350,804.1828571428572
805,STAKATAKA,,61,131,211,53,101,13,ROCK,STEEL,414933,298955,326,917.0398773006135
806,BLACEPHALON,,53,127,53,151,79,107,FIRE,GHOST,538514,298626,310,963.3096774193548
807,ZERAORA,,88,112,75,102,80,143,ELECTRIC,,352052,226718,380,596.6263157894737
808,MELTAN,,46,65,65,55,35,34,STEEL,,202033,343078,296,1159.0472972972973
809,MELMETAL,,135,143,143,80,65,34,STEEL,,420563,238527,474,503.22151898734177
810,GROOKEY,,50,65,50,40,40,65,GRASS,,216675,377141,304,1240.595394736842
811,THWACKEY,,70,85,70,55,60,80,GRASS,,253678,311546,344,905.6569767441861
812,RILLABOOM,,100,125,90,60,70,85,GRASS,,385561,278104,404,688.3762376237623
813,SCORBUNNY,,50,71,40,40,40,69,FIRE,,258559,361133,304,1187.9375
814,RABOOT,,65,86,60,55,60,94,FIRE,,291123,295928,334,886.0119760479042
815,CINDERACE,,80,116,75,65,75,119,FIRE,,364849,260707,364,716.228021978022
816,SOBBLE,,50,40,40,70,40,70,WATER,,196909,361057,304,1187.6875
817,DRIZZILE,,65,60,55,95,55,90,WATER,,237537,309776,334,927.4730538922156
818,INTELEON,,70,85,65,125,65,120,WATER,,410644,283075,344,822.8924418604652
819,SKWOVET,,70,55,55,35,35,25,NORMAL,,192311,347515,344,1010.2180232558139
820,GREEDENT,,120,95,95,55,75,20,NORMAL,,298902,245285,444,552.4436936936937
821,ROOKIDEE,,38,47,35,33,35,57,FLYING,,210892,375974,280,1342.7642857142857
822,CORVISQUIRE,,68,67,55,43,55,77,FLYING,,254230,304755,340,896.3382352941177
823,CORVIKNIGHT,,98,87,105,53,85,67,FLYING,STEEL,327638,200308,400,500.77
824,BLIPBUG,,25,20,20,25,45,45,BUG,,51568,441647,254,1738.767716535433
825,DOTTLER,,50,35,80,50,90,30,BUG,PSYCHIC,209146,273353,304,899.1875
826,ORBEETLE,,60,45,110,80,120,90,BUG,PSYCHIC,269602,223743,324,690.5648148148148
827,NICKIT,,40,28,28,52,47,50,DARK,,124710,428605,284,1509.1725352112676
828,THIEVUL,,70,58,58,92,87,90,DARK,,219614,309261,344,899.0145348837209
829,GOSSIFLEUR,,40,40,60,40,60,10,GRASS,,164936,325522,284,1146.2042253521126
830,ELDEGOSS,,60,50,90,80,120,60,GRASS,,254652,239167,324,738.1697530864197
831,WOOLOO,,42,40,55,40,45,48,NORMAL,,135018,331324,288,1150.4305555555557
832,DUBWOOL,,72,80,100,60,90,88,NORMAL,,246955,229887,348,660.5948275862069
833,CHEWTLE,,50,64,50,38,38,44,WATER,,180511,350333,304,1152.4111842105262
834,DREDNAW,,90,115,90,48,68,74,WATER,ROCK,451728,421805,384,1098.4505208333333
835,YAMPER,,59,45,50,40,50,26,ELECTRIC,,170437,286527,322,889.835403726708
836,BOLTUND,,69,90,60,90,60,121,ELECTRIC,,263044,260743,342,762.406432748538
837,ROLYCOLY,,30,40,50,40,50,30,ROCK,,221861,404496,264,1532.1818181818182
838,CARKOL,,80,60,90,60,70,50,ROCK,FIRE,312798,408956,364,1123.5054945054944
839,COALOSSAL,,110,80,120,80,90,30,ROCK,FIRE,381089,345414,424,814.6556603773585
840,APPLIN,,40,40,80,40,40,20,GRASS,DRAGON,170429,449032,284,1581.0985915492959
841,FLAPPLE,,70,110,80,95,60,70,GRASS,DRAGON,338460,387076,344,1125.2209302325582
842,APPLETUN,,110,85,80,100,80,30,GRASS,DRAGON,350694,349679,424,824.7146226415094
843,SILICOBRA,,52,57,75,35,50,46,GROUND,,206271,325345,308,1056.314935064935
844,SANDACONDA,,72,107,125,65,70,71,GROUND,,311719,263897,348,758.3247126436781
845,CRAMORANT,,70,85,55,85,95,85,FLYING,WATER,337694,353694,344,1028.1802325581396
846,ARROKUDA,,41,63,40,40,30,66,WATER,,207161,386639,286,1351.8846153846155
847,BARRASKEWDA,,61,123,60,60,50,136,WATER,,315243,312312,326,958.0122699386503
848,TOXEL,,40,38,35,54,35,40,ELECTRIC,POISON,160171,529849,284,1865.6654929577464
849,TOXTRICITY,,75,98,70,114,70,75,ELECTRIC,POISON,343311,376758,354,1064.2881355932204
850,SIZZLIPEDE,,50,65,45,50,50,45,FIRE,BUG,245865,474822,304,1561.9144736842106
851,CENTISKORCH,,100,115,65,90,90,65,FIRE,BUG,376922,377984,404,935.6039603960396
852,CLOBBOPUS,,50,68,60,50,50,32,FIGHTING,,230303,318548,304,1047.8552631578948
853,GRAPPLOCT,,80,118,90,70,80,42,FIGHTING,,336212,248002,364,681.3241758241758
854,SINISTEA,,40,45,45,74,54,50,GHOST,,175044,277129,284,975.806338028169
855,POLTEAGEIST,,60,65,65,134,114,70,GHOST,,278474,216176,324,667.2098765432099
856,HATENNA,,42,30,45,56,53,39,PSYCHIC,,191428,309761,288,1075.5590277777778
857,HATTREM,,57,40,65,86,73,49,PSYCHIC,,244435,257272,318,809.0314465408806
858,HATTERENE,,57,90,95,136,103,29,PSYCHIC,FAIRY,367235,216129,318,679.6509433962265
859,IMPIDIMP,,45,45,30,55,40,50,DARK,FAIRY,172326,384432,294,1307.591836734694
860,MORGREM,,65,60,45,75,55,70,DARK,FAIRY,200959,325941,334,975.8712574850299
861,GRIMMSNARL,,95,120,65,95,75,60,DARK,FAIRY,369137,271141,394,688.1751269035533
862,OBSTAGOON,,93,90,101,60,81,95,DARK,NORMAL,303528,385358,390,988.0974358974358
863,PERRSERKER,,70,110,100,50,60,50,STEEL,,307255,264914,344,770.0988372093024
864,CURSOLA,,60,95,50,145,130,30,GHOST,,407432,243833,324,752.570987654321
865,SIRFETCHD,,62,135,95,68,82,65,FIGHTING,,471529,242127,328,738.1920731707318
866,MRRIME,,80,85,75,110,100,70,ICE,PSYCHIC,406147,276361,364,759.2335164835165
867,RUNERIGUS,,58,95,145,50,105,30,GROUND,GHOST,308014,211946,320,662.33125
868,MILCERY,,45,40,40,50,61,34,FAIRY,,129698,322959,294,1098.5
869,ALCREMIE,,65,60,75,110,121,64,FAIRY,,290804,228684,334,684.6826347305389
870,FALINKS,,65,100,100,70,60,75,FIGHTING,,324573,270467,334,809.7814371257485
871,PINCURCHIN,,48,101,95,91,85,15,ELECTRIC,,305880,203862,300,679.54
872,SNOM,,30,25,35,45,30,20,ICE,BUG,132921,652583,264,2471.905303030303
873,FROSMOTH,,70,65,60,125,90,65,ICE,BUG,366532,451957,344,1313.828488372093
874,STONJOURNER,,100,125,135,20,20,70,ROCK,,374639,477124,404,1181.0
875,EISCUE,,75,80,110,65,90,50,ICE,,278013,256422,354,724.3559322033898
876,INDEEDEE,,60,65,55,105,95,95,PSYCHIC,NORMAL,288967,263348,324,812.8024691358024
877,MORPEKO,,58,95,58,70,58,97,ELECTRIC,DARK,295132,331611,320,1036.284375
878,CUFANT,,72,80,49,40,49,40,STEEL,,289425,343829,348,988.014367816092
879,COPPERAJAH,,122,130,69,80,69,30,STEEL,,406528,286490,448,639.4866071428571
880,DRACOZOLT,,90,100,90,80,70,75,ELECTRIC,DRAGON,324603,253845,384,661.0546875
881,ARCTOZOLT,,90,100,90,90,80,55,ELECTRIC,ICE,343875,275767,384,718.1432291666666
882,DRACOVISH,,90,90,100,70,80,75,WATER,DRAGON,292053,218785,384,569.7526041666666
883,ARCTOVISH,,90,90,100,80,90,55,WATER,ICE,307562,271024,384,705.7916666666666
884,DURALUDON,,70,95,115,120,50,85,STEEL,DRAGON,396057,239410,344,695.9593023255813
885,DREEPY,,28,60,30,40,30,82,DRAGON,GHOST,157664,399165,260,1535.25
886,DRAKLOAK,,68,80,50,60,50,102,DRAGON,GHOST,256751,319823,340,940.6558823529411
887,DRAGAPULT,,88,120,75,100,75,142,DRAGON,GHOST,353343,256546,380,675.1210526315789
888,ZACIAN,,92,120,115,80,115,138,FAIRY,,341685,189547,388,488.52319587628864
889,ZAMAZENTA,,92,120,115,80,115,138,FIGHTING,,377196,203216,388,523.7525773195877
890,ETERNATUS,,140,85,95,145,95,130,POISON,DRAGON,473381,239262,484,494.3429752066116
891,KUBFU,,60,90,60,53,50,72,FIGHTING,,327063,318548,324,983.1728395061729
892,URSHIFU,,100,130,100,63,60,97,FIGHTING,DARK,467180,330047,404,816.9480198019802
893,ZARUDE,,105,120,105,70,95,105,DARK,GRASS,388734,317632,414,767.2270531400966
894,REGIELEKI,,80,100,50,100,50,200,ELECTRIC,,348141,286527,364,787.1620879120879
895,REGIDRAGO,,200,100,50,100,50,80,DRAGON,,353967,317945,604,526.3990066225166
896,GLASTRIER,,100,145,130,65,110,30,ICE,,392565,226470,404,560.5693069306931
897,SPECTRIER,,100,65,60,145,80,130,GHOST,,287145,234092,404,579.4356435643564
898,CALYREX,,100,80,80,80,80,80,PSYCHIC,GRASS,303547,349672,404,865.5247524752475
899,WYRDEER,,103,105,72,105,75,65,NORMAL,PSYCHIC,367468,241278,410,588.4829268292683
900,KLEAVOR,,70,130,95,45,75,85,BUG,ROCK,370267,252293,344,733.4098837209302
901,URSALUNA,,130,140,105,45,80,50,NORMAL,GROUND,481702,280993,464,605.5883620689655
902,BASCULEGION,,120,112,65,80,75,78,WATER,GHOST,370563,272840,444,614.5045045045046
903,SNEASLER,,80,130,60,40,80,120,FIGHTING,POISON,459427,403423,364,1108.3049450549452
904,OVERQWIL,,85,115,95,65,65,85,DARK,POISON,372341,216161,374,577.9705882352941
905,ENAMORUS,,74,115,70,135,80,106,FAIRY,FLYING,418394,284611,352,808.5539772727273
906,SPRIGATITO,,40,61,54,45,45,65,GRASS,,190125,359799,284,1266.8978873239437
907,FLORAGATO,,61,80,63,60,63,83,GRASS,,229562,316929,326,972.1748466257669
908,MEOWSCARADA,,76,110,70,81,70,123,GRASS,DARK,342292,398051,356,1118.120786516854
909,FUECOCO,,67,45,59,63,40,36,FIRE,,245873,327833,338,969.9201183431952
910,CROCALOR,,81,55,78,90,58,49,FIRE,,296732,276155,366,754.5218579234972
911,SKELEDIRGE,,104,75,100,110,75,66,FIRE,GHOST,430935,241424,412,585.9805825242719
912,QUAXLY,,55,65,45,50,45,50,WATER,,202320,342284,314,1090.0764331210191
913,QUAXWELL,,70,85,65,65,60,65,WATER,,236194,290026,344,843.0988372093024
914,QUAQUAVAL,,85,120,80,85,75,85,WATER,FIGHTING,415833,295156,374,789.187165775401
915,LECHONK,,54,45,40,35,45,35,NORMAL,,153480,367654,312,1178.378205128205
916,OINKOLOGNE,,110,100,75,59,80,65,NORMAL,,297085,266307,424,628.0825471698113
917,TAROUNTULA,,35,41,45,29,40,20,BUG,,131726,362002,274,1321.1751824817518
918,SPIDOPS,,60,79,92,52,86,35,BUG,,208512,241802,324,746.3024691358024
919,NYMBLE,,33,46,40,21,25,45,BUG,,127019,409253,270,1515.7518518518518
920,LOKIX,,71,102,78,52,55,92,BUG,DARK,274175,309481,346,894.4537572254335
921,PAWMI,,45,50,20,40,25,60,ELECTRIC,,170238,399955,294,1360.391156462585
922,PAWMO,,60,75,40,50,40,85,ELECTRIC,FIGHTING,306221,363020,324,1120.432098765432
923,PAWMOT,,70,115,70,70,60,105,ELECTRIC,FIGHTING,442393,284994,344,828.4709302325581
924,CLODSIRE,,130,75,60,45,100,20,POISON,GROUND,285477,281232,464,606.1034482758621
925,TANDEMAUS,,50,50,45,40,45,75,NORMAL,,164179,353728,304,1163.578947368421
926,MAUSHOLD,,74,75,70,65,75,111,NORMAL,,246481,277148,352,787.3522727272727
927,FIDOUGH,,37,55,70,30,55,65,FAIRY,,168062,277769,278,999.1690647482014
928,DACHSBUN,,57,80,115,50,80,95,FAIRY,,214658,216415,318,680.5503144654089
929,SMOLIV,,41,35,45,58,51,30,GRASS,NORMAL,206001,412131,286,1441.0174825174824
930,DOLLIV,,52,53,60,78,78,33,GRASS,NORMAL,244063,347623,308,1128.6461038961038
931,ARBOLIVA,,78,69,90,125,109,39,GRASS,NORMAL,407156,275528,360,765.3555555555556
932,SQUAWKABILLY,,82,96,51,45,51,92,NORMAL,FLYING,317217,319029,368,866.9266304347826
933,NACLI,,55,55,75,35,35,25,ROCK,,201321,414209,314,1319.1369426751592
934,NACLSTACK,,60,60,100,35,65,35,ROCK,,213710,316382,324,976.4876543209876
935,GARGANACL,,100,100,130,45,90,35,ROCK,,369404,261684,404,647.7326732673267
936,ANNIHILAPE,,110,115,80,50,90,90,FIGHTING,GHOST,438391,240415,424,567.0165094339623
937,CHARCADET,,40,50,40,50,40,35,FIRE,,201979,361133,284,1271.5950704225352
938,ARMAROUGE,,85,60,100,125,80,75,FIRE,PSYCHIC,450633,242676,374,648.8663101604278
939,CERULEDGE,,75,125,80,60,100,85,FIRE,GHOST,420837,241920,354,683.3898305084746
940,TADBULB,,61,31,41,59,35,45,ELECTRIC,,198460,323168,326,991.3128834355829
941,BELLIBOLT,,109,64,91,103,83,45,ELECTRIC,,290877,208429,422,493.9075829383886
942,WATTREL,,40,40,35,55,40,70,ELECTRIC,FLYING,224135,343168,284,1208.338028169014
943,KILOWATTREL,,70,70,60,105,60,125,ELECTRIC,FLYING,328679,272039,344,790.8110465116279
944,DUDUNSPARCE,,125,100,80,85,75,55,NORMAL,,338498,262169,454,577.4647577092511
945,FARIGIRAF,,120,90,70,110,70,60,NORMAL,PSYCHIC,347922,247244,444,556.8558558558559
946,MASCHIFF,,60,78,60,40,51,51,DARK,,196281,329522,324,1017.0432098765432
947,MABOSSTIFF,,80,120,90,60,70,85,DARK,,282420,266929,364,733.3214285714286
948,SHROODLE,,40,65,35,40,35,75,POISON,NORMAL,207972,372685,284,1312.2711267605634
949,GRAFAIAI,,63,95,65,80,72,110,POISON,NORMAL,300203,269451,330,816.5181818181818
950,BRAMBLIN,,40,65,30,45,35,60,GRASS,GHOST,240016,405313,284,1427.1584507042253
951,BRAMBLEGHAST,,55,115,70,80,70,90,GRASS,GHOST,346348,278671,314,887.4872611464968
952,TOEDSCOOL,,40,40,35,50,100,70,GROUND,GRASS,226909,431013,284,1517.6514084507041
953,TOEDSCRUEL,,80,70,65,80,120,100,GROUND,GRASS,300814,329608,364,905.5164835164835
954,KLAWF,,70,100,115,35,55,75,ROCK,,289778,331658,344,964.1220930232558
955,CAPSAKID,,50,62,40,62,40,50,GRASS,,213958,397251,304,1306.7467105263158
956,SCOVILLAIN,,65,108,65,108,65,75,GRASS,FIRE,414941,288673,334,864.2904191616766
957,RELLOR,,41,50,60,31,58,30,BUG,,151848,308032,286,1077.0349650349651
958,RABSCA,,75,50,85,115,100,45,BUG,PSYCHIC,341390,261058,354,737.45197740113
959,FLITTLE,,30,35,30,55,30,75,PSYCHIC,,145682,376804,264,1427.2878787878788
960,ESPATHRA,,95,60,60,101,60,105,PSYCHIC,,245346,274638,394,697.0507614213197
961,TINKATINK,,50,45,45,35,64,58,FAIRY,STEEL,198604,279061,304,917.9638157894736
962,TINKATUFF,,65,55,55,45,82,78,FAIRY,STEEL,215904,249422,334,746.7724550898204
963,TINKATON,,85,75,77,70,105,94,FAIRY,STEEL,294874,208385,374,557.1791443850267
964,WIGLETT,,10,55,25,35,25,95,WATER,,174694,432988,224,1932.982142857143
965,WUGTRIO,,35,100,50,50,70,120,WATER,,244765,301140,274,1099.051094890511
966,BOMBIRDIER,,70,103,85,60,85,82,FLYING,DARK,364046,246041,344,715.2354651162791
967,FINIZEN,,70,45,40,45,40,75,WATER,,184785,361057,344,1049.5843023255813
968,PALAFIN,,100,70,72,53,62,100,WATER,,266855,280132,404,693.3960396039604
969,VAROOM,,45,70,63,30,45,47,STEEL,POISON,239948,407182,294,1384.9727891156463
970,REVAVROOM,,80,119,90,54,67,90,STEEL,POISON,348954,330494,364,907.9505494505495
971,CYCLIZAR,,70,95,65,85,65,121,DRAGON,NORMAL,329596,320494,344,931.6686046511628
972,ORTHWORM,,70,85,145,60,55,65,STEEL,,250531,255941,344,744.0145348837209
973,GLIMMET,,48,35,42,105,60,60,ROCK,POISON,335130,487392,300,1624.64
974,GLIMMORA,,83,55,90,130,81,86,ROCK,POISON,430478,348305,370,941.3648648648649
975,GREAVARD,,50,61,60,30,55,34,GHOST,,194296,253900,304,835.1973684210526
976,HOUNDSTONE,,72,101,100,50,97,68,GHOST,,270426,184608,348,530.4827586206897
977,FLAMIGO,,82,115,74,75,64,90,FLYING,FIGHTING,430785,299491,368,813.8342391304348
978,CETODDLE,,108,68,45,30,40,43,ICE,,232498,413791,420,985.2166666666667
979,CETITAN,,170,113,65,45,55,73,ICE,,323082,348065,544,639.8253676470588
980,KINGAMBIT,,100,135,120,60,85,50,DARK,STEEL,345578,347302,404,859.6584158415842
981,VELUZA,,90,102,73,78,65,70,WATER,PSYCHIC,280554,293026,384,763.0885416666666
982,DONDOZO,,150,100,115,65,65,35,WATER,,291848,252450,504,500.89285714285717
983,TATSUGIRI,,68,50,60,120,95,82,DRAGON,WATER,348598,259489,340,763.2029411764706
984,GREATTUSK,,115,131,131,53,53,87,GROUND,FIGHTING,489932,341425,434,786.6935483870968
985,SCREAMTAIL,,115,65,99,65,115,111,FAIRY,PSYCHIC,258141,207226,434,477.47926267281105
986,BRUTEBONNET,,111,127,99,79,99,55,GRASS,DARK,352475,321731,426,755.2370892018779
987,FLUTTERMANE,,55,55,55,135,135,135,GHOST,FAIRY,354832,245318,314,781.2675159235669
988,SLITHERWING,,85,135,79,85,105,81,BUG,FIGHTING,418018,330261,374,883.0508021390374
989,SANDYSHOCKS,,85,81,97,121,85,101,ELECTRIC,GROUND,368923,257910,374,689.5989304812834
990,IRONTREADS,,90,112,120,72,70,106,GROUND,STEEL,391324,266582,384,694.2239583333334
991,IRONBUNDLE,,56,80,114,124,60,136,ICE,WATER,376542,303149,316,959.3322784810126
992,IRONHANDS,,154,140,108,50,68,50,FIGHTING,ELECTRIC,483452,246959,512,482.341796875
993,IRONJUGULIS,,94,80,86,122,80,108,DARK,FLYING,402548,249799,392,637.2423469387755
994,IRONMOTH,,80,70,60,140,110,110,FIRE,POISON,475628,395402,364,1086.2692307692307
995,IRONTHORNS,,100,134,110,70,84,72,ROCK,ELECTRIC,390800,324313,404,802.7549504950495
996,FRIGIBAX,,65,75,45,35,45,55,DRAGON,ICE,237393,407336,334,1219.5688622754492
997,ARCTIBAX,,90,95,66,45,65,62,DRAGON,ICE,278655,334972,384,872.3229166666666
998,BAXCALIBUR,,115,145,92,75,86,87,DRAGON,ICE,385797,277598,434,639.6267281105991
999,GIMMIGHOUL,,45,30,70,75,70,10,GHOST,,162144,227894,294,775.1496598639455
1000,GHOLDENGO,,87,60,95,133,91,84,STEEL,GHOST,410365,215497,378,570.0978835978837
1001,WOCHIEN,,85,85,100,95,135,70,DARK,GRASS,315505,301032,374,804.8983957219251
1002,CHIENPAO,,80,120,80,90,65,135,DARK,ICE,325993,466721,364,1282.2005494505495
1003,TINGLU,,155,110,125,55,80,45,DARK,GROUND,312751,277766,514,540.4007782101168
1004,CHIYU,,55,80,80,135,120,100,DARK,FIRE,397599,269483,314,858.2261146496816
1005,ROARINGMOON,,105,139,71,55,101,119,DRAGON,DARK,370676,335383,414,810.1038647342995
1006,IRONVALIANT,,74,130,90,120,60,116,FAIRY,FIGHTING,410161,302755,352,860.0994318181819
1007,KORAIDON,,100,135,115,85,100,135,FIGHTING,DRAGON,481991,268186,404,663.8267326732673
1008,MIRAIDON,,100,85,100,135,115,135,ELECTRIC,DRAGON,435980,212025,404,524.8143564356436
1009,WALKINGWAKE,,99,83,91,125,83,109,WATER,DRAGON,377635,222970,402,554.6517412935324
1010,IRONLEAVES,,90,130,88,70,108,104,GRASS,PSYCHIC,398176,314744,384,819.6458333333334
1011,DIPPLIN,,80,80,110,95,90,40,GRASS,DRAGON,324347,308679,364,848.0192307692307
1012,POLTCHAGEIST,,40,45,45,74,54,50,GRASS,GHOST,251239,337698,284,1189.0774647887324
1013,SINISTCHA,,71,60,106,121,80,70,GRASS,GHOST,350397,238442,346,689.1387283236994
1014,OKIDOGI,,88,128,115,58,86,80,POISON,FIGHTING,461847,330449,380,869.6026315789474
1015,MUNKIDORI,,88,75,66,130,90,106,POISON,PSYCHIC,373636,250173,380,658.35
1016,FEZANDIPITI,,88,91,82,70,125,99,POISON,FAIRY,280216,231263,380,608.5868421052631
1017,OGERPON,,80,120,84,60,96,110,GRASS,,351061,258549,364,710.2994505494505
1018,ARCHALUDON,,90,105,130,125,65,85,STEEL,DRAGON,432569,212150,384,552.4739583333334
1019,HYDRAPPLE,,106,80,110,80,44,120,GRASS,DRAGON,311413,419870,416,1009.3028846153846
1020,GOUGINGFIRE,,105,115,121,65,93,91,FIRE,DRAGON,370851,205162,414,495.56038647342996
1021,RAGINGBOLT,,125,73,91,137,89,75,ELECTRIC,DRAGON,415698,234963,454,517.5396475770925
1022,IRONBOULDER,,90,120,80,68,108,124,ROCK,PSYCHIC,400826,273361,384,711.8776041666666
1023,IRONCROWN,,90,72,100,122,108,98,STEEL,PSYCHIC,399597,204421,384,532.3463541666666
1024,TERAPAGOS,,90,65,85,65,85,60,NORMAL,,273872,249502,384,649.7447916666666
1025,PECHARUNT,,88,88,160,88,88,88,POISON,GHOST,271575,201141,380,529.3184210526316
3,VENUSAUR_1,Mega Venusaur,80,100,123,122,120,80,GRASS,POISON,410332,207176,364,569.1648351648352
6,CHARIZARD_1,Mega Charizard X,78,130,111,130,85,100,FIRE,DRAGON,519115,217415,360,603.9305555555555
6,CHARIZARD_2,Mega Charizard Y,78,104,78,159,115,100,FIRE,FLYING,570003,329843,360,916.2305555555556
9,BLASTOISE_1,Mega Blastoise,79,103,120,135,115,78,WATER,,456653,195518,362,540.1049723756906
15,BEEDRILL_1,Mega Beedrill,65,150,40,15,80,145,BUG,POISON,327317,357228,334,1069.5449101796407
18,PIDGEOT_1,Mega Pidgeot,83,80,80,135,80,121,NORMAL,FLYING,397032,248470,370,671.5405405405405
19,RATTATA_1,Alolan,30,56,35,25,35,72,DARK,NORMAL,204104,655837,264,2484.2310606060605
20,RATICATE_1,Alolan,75,71,70,40,80,77,DARK,NORMAL,244367,458705,354,1295.776836158192
26,RAICHU_1,Alolan,60,85,50,95,85,110,ELECTRIC,PSYCHIC,349804,295906,324,913.2901234567901
27,SANDSHREW_1,Alolan,50,75,90,10,35,40,ICE,STEEL,294091,571302,304,1879.282894736842
28,SANDSLASH_1,Alolan,75,100,120,25,65,65,ICE,STEEL,352122,438706,354,1239.2824858757062
37,VULPIX_1,Alolan,38,41,40,50,65,65,ICE,,218315,399844,280,1428.0142857142857
38,NINETALES_1,Alolan,73,67,75,81,100,109,ICE,FAIRY,310334,371049,350,1060.14
50,DIGLETT_1,Alolan,10,55,30,35,45,90,GROUND,STEEL,225024,432886,224,1932.5267857142858
51,DUGTRIO_1,Alolan,35,100,60,50,70,110,GROUND,STEEL,301284,324079,274,1182.7700729927008
52,MEOWTH_1,Alolan,40,35,35,50,40,90,DARK,,182618,406787,284,1432.3485915492959
52,MEOWTH_2,Galarian,50,65,55,40,40,40,STEEL,,219319,345743,304,1137.3125
53,PERSIAN_1,Alolan,65,60,60,75,65,115,DARK,,236437,315964,334,946.0
65,ALAKAZAM_1,Mega Alakazam,55,50,65,175,105,150,PSYCHIC,,447400,246104,314,783.7707006369427
74,GEODUDE_1,Alolan,40,80,100,30,30,20,ROCK,ELECTRIC,329801,466899,284,1644.0105633802816
75,GRAVELER_1,Alolan,55,95,115,45,45,35,ROCK,ELECTRIC,368772,399324,314,1271.7324840764331
76,GOLEM_1,Alolan,80,120,130,55,65,45,ROCK,ELECTRIC,431260,339035,364,931.4148351648352
77,PONYTA_1,Galarian,50,85,55,65,65,90,PSYCHIC,,242575,279680,304,920.0
78,RAPIDASH_1,Galarian,65,100,70,80,80,105,PSYCHIC,FAIRY,304492,258223,334,773.122754491018
79,SLOWPOKE_1,Galarian,90,65,65,40,40,15,PSYCHIC,,212734,296130,384,771.171875
80,SLOWBRO_1,Galarian,95,100,95,100,70,30,POISON,PSYCHIC,372075,226348,394,574.4873096446701
80,SLOWBRO_2,Mega Slowbro,95,75,180,130,80,30,WATER,PSYCHIC,434318,228932,394,581.0456852791879
83,FARFETCHD_1,Galarian,52,95,55,58,62,55,FIGHTING,,328868,308642,308,1002.0844155844156
88,GRIMER_1,Alolan,80,80,50,40,50,25,POISON,DARK,307361,282387,364,775.7884615384615
89,MUK_1,Alolan,105,105,75,65,100,50,POISON,DARK,395657,216844,414,523.7777777777778
94,GENGAR_1,Mega Gengar,60,65,80,170,95,130,GHOST,POISON,452737,236776,324,730.7901234567901
103,EXEGGUTOR_1,Alolan,95,105,85,125,75,45,GRASS,DRAGON,440268,352119,394,893.7030456852792
105,MAROWAK_1,Alolan,60,80,110,50,80,45,FIRE,GHOST,334902,229925,324,709.645061728395
110,WEEZING_1,Galarian,65,90,120,85,70,60,POISON,FAIRY,340918,245804,334,735.9401197604791
115,KANGASKHAN_1,Mega Kangaskhan,105,125,100,60,100,100,NORMAL,,390029,224769,414,542.9202898550725
122,MRMIME_1,Galarian,50,65,65,90,90,100,ICE,PSYCHIC,354420,299176,304,984.1315789473684
127,PINSIR_1,Mega Pinsir,65,155,120,65,90,105,BUG,FLYING,416714,309745,334,927.3802395209581
130,GYARADOS_1,Mega Gyarados,95,155,109,70,130,81,WATER,FLYING,434225,251825,394,639.1497461928934
142,AERODACTYL_1,Mega Aerodactyl,80,135,85,70,95,150,ROCK,FLYING,471911,252528,364,693.7582417582418
144,ARTICUNO_1,Galarian,90,85,85,125,100,95,PSYCHIC,FLYING,349231,240638,384,626.6614583333334
145,ZAPDOS_1,Galarian,90,125,90,85,90,100,FIGHTING,FLYING,418495,253050,384,658.984375
146,MOLTRES_1,Galarian,90,85,90,100,125,90,DARK,FLYING,324900,218498,384,569.0052083333334
150,MEWTWO_1,Mega Mewtwo X,106,190,100,154,100,130,PSYCHIC,FIGHTING,656702,209258,416,503.02403846153845
150,MEWTWO_2,Mega Mewtwo Y,106,150,70,194,120,140,PSYCHIC,,583470,234687,416,564.1514423076923
181,AMPHAROS_1,Mega Ampharos,90,95,105,165,110,45,ELECTRIC,DRAGON,477326,209993,384,546.8567708333334
199,SLOWKING_1,Galarian,95,65,80,110,110,30,POISON,PSYCHIC,382888,222899,394,565.7335025380711
208,STEELIX_1,Mega Steelix,75,125,230,55,95,30,STEEL,GROUND,462948,208934,354,590.2090395480226
212,SCIZOR_1,Mega Scizor,70,150,140,100,75,65,BUG,STEEL,374911,282391,344,820.9040697674419
214,HERACROSS_1,Mega Heracross,80,185,115,40,105,75,BUG,FIGHTING,622618,282242,364,775.3901098901099
222,CORSOLA_1,Galarian,60,55,100,65,100,30,GHOST,,252868,182891,324,564.4783950617284
229,HOUNDOOM_1,Mega Houndoom,75,90,90,140,90,115,DARK,FIRE,450861,266249,354,752.1158192090395
248,TYRANITAR_1,Mega Tyranitar,100,164,150,95,120,71,ROCK,DARK,505827,318729,404,788.9331683168317
254,SCEPTILE_1,Mega Sceptile,70,110,75,145,85,145,GRASS,DRAGON,475922,349348,344,1015.546511627907
257,BLAZIKEN_1,Mega Blaziken,80,160,80,130,80,100,FIRE,FIGHTING,609447,278832,364,766.021978021978
260,SWAMPERT_1,Mega Swampert,100,150,110,95,110,70,WATER,GROUND,469848,298269,404,738.289603960396
263,ZIGZAGOON_1,Galarian,38,30,41,30,41,60,DARK,NORMAL,160548,612815,280,2188.625
264,LINOONE_1,Galarian,78,70,61,50,61,100,DARK,NORMAL,252534,503141,360,1397.6138888888888
282,GARDEVOIR_1,Mega Gardevoir,68,85,65,165,135,100,PSYCHIC,FAIRY,463203,252952,340,743.9764705882353
302,SABLEYE_1,Mega Sableye,50,85,125,85,115,20,DARK,GHOST,304302,149037,304,490.2532894736842
303,MAWILE_1,Mega Mawile,50,105,125,55,95,50,STEEL,FAIRY,338722,182010,304,598.7171052631579
306,AGGRON_1,Mega Aggron,70,140,230,60,80,50,STEEL,,465694,203670,344,592.0639534883721
308,MEDICHAM_1,Mega Medicham,60,100,85,80,85,100,FIGHTING,PSYCHIC,375206,232204,324,716.679012345679
310,MANECTRIC_1,Mega Manectric,70,75,80,135,80,135,ELECTRIC,,370105,220959,344,642.3226744186046
319,SHARPEDO_1,Mega Sharpedo,70,140,70,110,65,105,WATER,DARK,394620,331319,344,963.1366279069767
323,CAMERUPT_1,Mega Camerupt,70,120,100,145,105,20,FIRE,GROUND,550798,274234,344,797.1918604651163
334,ALTARIA_1,Mega Altaria,75,110,110,110,105,80,DRAGON,FAIRY,379020,208562,354,589.1581920903955
351,CASTFORM_1,Sunny Form,70,100,100,100,100,70,FIRE,,0,217794,344,633.1220930232558
351,CASTFORM_2,Rainy Form,70,100,100,100,100,70,WATER,,0,217652,344,632.7093023255813
351,CASTFORM_3,Snowy Form,70,100,100,100,100,70,ICE,,0,257454,344,748.4127906976744
351,CASTFORM_4,Windy Form,70,100,100,100,100,70,FLYING,,0,214167,344,622.578488372093
354,BANETTE_1,Mega Banette,64,165,75,93,83,75,GHOST,,379880,213398,332,642.7650602409639
359,ABSOL_1,Mega Absol,65,150,60,115,60,115,DARK,,429268,320022,334,958.1497005988024
362,GLALIE_1,Mega Glalie,80,120,80,120,80,100,ICE,,421466,296556,364,814.7142857142857
373,SALAMENCE_1,Mega Salamence,95,145,130,120,90,120,DRAGON,FLYING,428952,278863,394,707.774111675127
376,METAGROSS_1,Mega Metagross,95,145,130,120,90,120,STEEL,PSYCHIC,508739,199200,394,505.5837563451777
380,LATIAS_1,Mega Latias,80,100,120,140,150,110,DRAGON,PSYCHIC,424678,192907,364,529.9642857142857
381,LATIOS_1,Mega Latios,80,130,100,160,120,110,DRAGON,PSYCHIC,470859,220158,364,604.8296703296703
382,KYOGRE_1,Primal Kyogre,100,150,90,180,160,90,WATER,,561975,204048,404,505.0693069306931
383,GROUDON_1,Primal Groudon,100,180,160,150,90,90,GROUND,FIRE,652317,265320,404,656.7326732673267
384,RAYQUAZA_1,Mega Rayquaza,105,180,100,180,100,115,DRAGON,FLYING,618917,283745,414,685.3743961352657
386,DEOXYS_1,Attack Forme,50,180,20,180,20,150,PSYCHIC,,586318,430505,304,1416.1348684210527
386,DEOXYS_2,Defense Forme,50,70,160,70,160,90,PSYCHIC,,307569,145278,304,477.8881578947368
386,DEOXYS_3,Speed Forme,50,95,90,95,90,180,PSYCHIC,,370668,216381,304,711.7796052631579
413,WORMADAM_1,Sandy Cloak,60,79,105,59,85,36,BUG,GROUND,259974,248010,324,765.4629629629629
413,WORMADAM_2,Trash Cloak,60,69,95,69,95,36,BUG,STEEL,270992,269745,324,832.5462962962963
428,LOPUNNY_1,Mega Lopunny,65,136,94,54,96,135,NORMAL,FIGHTING,466814,266924,334,799.1736526946107
445,GARCHOMP_1,Mega Garchomp,108,170,115,120,95,92,DRAGON,GROUND,473018,275015,420,654.797619047619
448,LUCARIO_1,Mega Lucario,70,145,88,140,70,112,FIGHTING,STEEL,529286,267008,344,776.1860465116279
460,ABOMASNOW_1,Mega Abomasnow,90,132,105,132,105,30,GRASS,ICE,509216,323925,384,843.5546875
475,GALLADE_1,Mega Gallade,68,165,95,65,115,110,PSYCHIC,FIGHTING,552452,207453,340,610.1558823529411
479,ROTOM_1,Heat Rotom,50,65,107,105,107,86,ELECTRIC,FIRE,374118,286113,304,941.1611842105264
479,ROTOM_2,Wash Rotom,50,65,107,105,107,86,ELECTRIC,WATER,325052,206691,304,679.9046052631579
479,ROTOM_3,Frost Rotom,50,65,107,105,107,86,ELECTRIC,ICE,343730,239412,304,787.5394736842105
479,ROTOM_4,Fan Rotom,50,65,107,105,107,86,ELECTRIC,FLYING,291772,191351,304,629.4440789473684
479,ROTOM_5,Mow Rotom,50,65,107,105,107,86,ELECTRIC,GRASS,340663,215272,304,708.1315789473684
487,GIRATINA_1,Origin Forme,150,120,100,120,100,90,GHOST,DRAGON,399695,214405,504,425.406746031746
492,SHAYMIN_1,Sky Forme,100,103,75,120,75,127,GRASS,FLYING,375296,365282,404,904.1633663366337
493,ARCEUS_1,Fighting Type,120,120,120,120,120,120,FIGHTING,,522747,197338,444,444.4549549549549
493,ARCEUS_2,Flying Type,120,120,120,120,120,120,FLYING,,511096,189352,444,426.4684684684685
493,ARCEUS_3,Poison Type,120,120,120,120,120,120,POISON,,485893,186186,444,419.3378378378378
493,ARCEUS_4,Ground Type,120,120,120,120,120,120,GROUND,,490106,207071,444,466.3761261261261
493,ARCEUS_5,Rock Type,120,120,120,120,120,120,ROCK,,509958,239541,444,539.5067567567568
493,ARCEUS_6,Bug Type,120,120,120,120,120,120,BUG,,495583,198898,444,447.9684684684685
493,ARCEUS_7,Ghost Type,120,120,120,120,120,120,GHOST,,490119,161754,444,364.31081081081084
493,ARCEUS_8,Steel Type,120,120,120,120,120,120,STEEL,,498211,201568,444,453.98198198198196
493,ARCEUS_10,Fire Type,120,120,120,120,120,120,FIRE,,511886,192561,444,433.69594594594594
493,ARCEUS_11,Water Type,120,120,120,120,120,120,WATER,,487817,192415,444,433.3671171171171
493,ARCEUS_12,Grass Type,120,120,120,120,120,120,GRASS,,512523,211879,444,477.2049549549549
493,ARCEUS_13,Electric Type,120,120,120,120,120,120,ELECTRIC,,493187,169577,444,381.9301801801802
493,ARCEUS_14,Psychic Type,120,120,120,120,120,120,PSYCHIC,,487731,178763,444,402.6193693693694
493,ARCEUS_15,Ice Type,120,120,120,120,120,120,ICE,,501043,227582,444,512.572072072072
493,ARCEUS_16,Dragon Type,120,120,120,120,120,120,DRAGON,,480273,188224,444,423.92792792792795
493,ARCEUS_17,Dark Type,120,120,120,120,120,120,DARK,,480348,208147,444,468.79954954954957
493,ARCEUS_18,Fairy Type,120,120,120,120,120,120,FAIRY,,480473,184079,444,414.59234234234236
531,AUDINO_1,Mega Audino,103,60,126,80,126,50,NORMAL,,297249,192020,410,468.3414634146341
554,DARUMAKA_2,Galarian,70,90,45,15,45,50,ICE,,287071,404913,344,1177.0726744186047
555,DARMANITAN_1,Zen Mode,105,30,105,140,105,55,FIRE,PSYCHIC,484421,220647,414,532.963768115942
555,DARMANITAN_2,Galarian,105,140,55,40,55,95,ICE,,420885,366480,414,885.2173913043479
555,DARMANITAN_3,Galarian Zen Mode,105,160,55,30,55,135,ICE,FIRE,511698,442588,414,1069.0531400966183
562,YAMASK_1,Galarian,38,55,85,30,65,30,GROUND,GHOST,214711,288964,280,1032.0142857142857
618,STUNFISK_1,Galarian,109,81,99,66,84,32,GROUND,STEEL,295014,261232,422,619.0331753554502
641,TORNADUS_1,Therian Forme,79,100,80,110,90,121,FLYING,,343248,238772,362,659.5911602209944
642,THUNDURUS_1,Therian Forme,79,105,70,145,80,101,ELECTRIC,FLYING,412540,241526,362,667.1988950276243
645,LANDORUS_1,Therian Forme,89,145,90,105,80,91,GROUND,FLYING,476933,298606,382,781.6910994764398
646,KYUREM_1,White Kyurem,125,120,90,170,100,95,DRAGON,ICE,580317,271517,454,598.0550660792951
646,KYUREM_2,Black Kyurem,125,170,100,120,90,95,DRAGON,ICE,557525,265604,454,585.0308370044053
646,KYUREM_3,,125,120,90,170,100,95,DRAGON,ICE,0,271517,454,598.0550660792951
646,KYUREM_4,,125,170,100,120,90,95,DRAGON,ICE,0,265604,454,585.0308370044053
648,MELOETTA_1,Pirouette Forme,100,128,90,77,77,128,NORMAL,FIGHTING,0,286947,404,710.2648514851485
658,GRENINJA_2,Ash-Greninja,72,145,67,153,71,132,WATER,DARK,497468,329324,348,946.3333333333334
670,FLOETTE_5,Eternal Flower,74,65,67,125,128,92,FAIRY,,381548,241035,352,684.7585227272727
681,AEGISLASH_1,Blade Forme,60,140,50,140,50,60,STEEL,GHOST,0,307058,324,947.7098765432099
710,PUMPKABOO_2,Large Size,54,66,70,44,55,46,GHOST,GRASS,286594,299483,312,959.8814102564103
710,PUMPKABOO_3,Super Size,59,66,70,44,55,41,GHOST,GRASS,286594,299483,322,930.0714285714286
711,GOURGEIST_2,Large Size,75,95,122,58,75,69,GHOST,GRASS,370363,238464,354,673.6271186440678
711,GOURGEIST_3,Super Size,85,100,122,58,75,54,GHOST,GRASS,381317,238464,374,637.6042780748663
718,ZYGARDE_1,10% Forme,54,100,71,61,85,115,DRAGON,GROUND,330380,324389,312,1039.7083333333333
718,ZYGARDE_2,Complete Forme,216,100,121,91,95,85,DRAGON,GROUND,344266,272043,636,427.74056603773585
718,ZYGARDE_3,,216,100,121,91,95,85,DRAGON,GROUND,0,272043,636,427.74056603773585
719,DIANCIE_1,Mega Diancie,50,160,110,160,110,110,ROCK,FAIRY,548572,315067,304,1036.404605263158
720,HOOPA_1,Hoopa Unbound,80,160,60,170,130,80,PSYCHIC,DARK,519659,333300,364,915.6593406593406
741,ORICORIO_1,Pom-Pom Style,75,70,70,98,70,93,ELECTRIC,FLYING,276266,249513,354,704.8389830508474
741,ORICORIO_2,Pa'u Style,75,70,70,98,70,93,PSYCHIC,FLYING,276266,281265,354,794.5338983050848
741,ORICORIO_3,Sensu Style,75,70,70,98,70,93,GHOST,FLYING,276266,273431,354,772.4039548022599
745,LYCANROC_1,Midnight Form,85,115,75,55,75,82,ROCK,,362286,324311,374,867.1417112299465
745,LYCANROC_2,Dusk Form,75,117,65,55,65,110,ROCK,,343846,352257,354,995.0762711864406
746,WISHIWASHI_1,School Form,45,140,130,140,135,30,WATER,,0,179409,294,610.234693877551
773,SILVALLY_1,Type: Fighting,95,95,95,95,95,95,FIGHTING,,334478,230778,394,585.730964467005
773,SILVALLY_2,Type: Flying,95,95,95,95,95,95,FLYING,,338262,221448,394,562.0507614213197
773,SILVALLY_3,Type: Poison,95,95,95,95,95,95,POISON,,334609,217726,394,552.6040609137056
773,SILVALLY_4,Type: Ground,95,95,95,95,95,95,GROUND,,334478,242157,394,614.6116751269036
773,SILVALLY_5,Type: Rock,95,95,95,95,95,95,ROCK,,339954,280120,394,710.9644670050761
773,SILVALLY_6,Type: Bug,95,95,95,95,95,95,BUG,,337617,232598,394,590.3502538071066
773,SILVALLY_7,Type: Ghost,95,95,95,95,95,95,GHOST,,339943,189103,394,479.9568527918782
773,SILVALLY_8,Type: Steel,95,95,95,95,95,95,STEEL,,360750,235705,394,598.236040609137
773,SILVALLY_10,Type: Fire,95,95,95,95,95,95,FIRE,,352847,225199,394,571.5710659898477
773,SILVALLY_11,Type: Water,95,95,95,95,95,95,WATER,,343925,225055,394,571.2055837563452
773,SILVALLY_12,Type: Grass,95,95,95,95,95,95,GRASS,,343009,247741,394,628.7842639593908
773,SILVALLY_13,Type: Electric,95,95,95,95,95,95,ELECTRIC,,343501,198373,394,503.48477157360406
773,SILVALLY_14,Type: Psychic,95,95,95,95,95,95,PSYCHIC,,337057,209037,394,530.5507614213197
773,SILVALLY_15,Type: Ice,95,95,95,95,95,95,ICE,,349871,266212,394,675.6649746192893
773,SILVALLY_16,Type: Dragon,95,95,95,95,95,95,DRAGON,,345160,220142,394,558.736040609137
773,SILVALLY_17,Type: Dark,95,95,95,95,95,95,DARK,,339031,243462,394,617.9238578680203
773,SILVALLY_18,Type: Fairy,95,95,95,95,95,95,FAIRY,,334478,215264,394,546.3553299492386
774,MINIOR_7,Red Core,60,100,60,100,60,120,ROCK,FLYING,0,320888,324,990.395061728395
774,MINIOR_8,Orange Core,60,100,60,100,60,120,ROCK,FLYING,0,320888,324,990.395061728395
774,MINIOR_9,Yellow Core,60,100,60,100,60,120,ROCK,FLYING,0,320888,324,990.395061728395
774,MINIOR_10,Green Core,60,100,60,100,60,120,ROCK,FLYING,0,320888,324,990.395061728395
774,MINIOR_11,Blue Core,60,100,60,100,60,120,ROCK,FLYING,0,320888,324,990.395061728395
774,MINIOR_12,Indigo Core,60,100,60,100,60,120,ROCK,FLYING,0,320888,324,990.395061728395
774,MINIOR_13,Violet Core,60,100,60,100,60,120,ROCK,FLYING,0,320888,324,990.395061728395
800,NECROZMA_1,Dusk Mane,97,157,127,113,109,77,PSYCHIC,STEEL,446822,186382,398,468.2964824120603
800,NECROZMA_2,Dawn Wings,97,113,109,157,127,77,PSYCHIC,GHOST,511856,287907,398,723.3844221105528
800,NECROZMA_3,Ultra Necrozma,97,167,97,167,97,129,PSYCHIC,DRAGON,558414,234330,398,588.7688442211055
800,NECROZMA_4,,97,167,97,167,97,129,PSYCHIC,DRAGON,558414,234330,398,588.7688442211055
875,EISCUE_1,Noice Face,75,80,70,65,50,130,ICE,,0,350096,354,988.9717514124294
876,INDEEDEE_1,Female,70,55,65,95,105,85,PSYCHIC,NORMAL,265891,241373,344,701.6656976744187
888,ZACIAN_1,Crowned Sword,92,150,115,80,115,148,FAIRY,STEEL,417750,173642,388,447.53092783505156
889,ZAMAZENTA_1,Crowned Shield,92,120,140,80,140,128,FIGHTING,STEEL,392114,184166,388,474.6546391752577
892,URSHIFU_1,Rapid Strike Style,100,130,100,63,60,97,FIGHTING,WATER,448258,308064,404,762.5346534653465
898,CALYREX_1,Ice Rider,100,165,150,85,130,50,PSYCHIC,ICE,534201,194668,404,481.8514851485148
