Pokémon,HP,Atk,Def,SpAtk,SpDef,Speed,Type,Type,Damage Dealt,Damage Taken,HP,Num KO
1,BULBASAUR,,45,49,49,65,65,45,GRASS,POISON,198808,262402,294,892.5238095238095
2,IVYSAUR,,60,62,63,80,80,60,GRASS,POISON,224584,230674,324,711.9567901234568
3,VENUSAUR,,80,82,83,100,100,80,GRASS,POISON,296183,197384,364,542.2637362637363
4,CHARMANDER,,39,52,43,60,50,65,FIRE,,191854,285921,282,1013.9042553191489
5,CHARMELEON,,58,64,58,80,65,80,FIRE,,224906,247306,320,772.83125
6,CHARIZARD,,78,84,78,109,85,100,FIRE,FLYING,313390,209619,360,582.275
7,SQUIRTLE,,44,48,65,50,64,43,WATER,,199291,238864,292,818.027397260274
8,WARTORTLE,,59,63,80,65,80,58,WATER,,228959,210721,322,654.4130434782609
9,BLASTOISE,,79,83,100,85,105,78,WATER,,268465,180531,362,498.7044198895028
10,CATERPIE,,45,30,35,20,20,45,BUG,,64305,355303,294,1208.5136054421769
11,METAPOD,,50,20,55,25,25,30,BUG,,56679,316422,304,1040.8618421052631
12,BUTTERFREE,,60,45,50,90,80,70,BUG,FLYING,203023,252894,324,780.5370370370371
13,WEEDLE,,40,35,30,20,20,50,BUG,POISON,68131,364406,284,1283.119718309859
14,KAKUNA,,45,25,50,25,25,35,BUG,POISON,60482,320872,294,1091.4013605442176
15,BEEDRILL,,65,90,40,45,80,75,BUG,POISON,182111,276444,334,827.6766467065868
16,PIDGEY,,40,45,40,35,35,56,NORMAL,FLYING,174266,311495,284,1096.8133802816901
17,PIDGEOTTO,,63,60,55,50,50,71,NORMAL,FLYING,201650,266134,330,806.4666666666667
18,PIDGEOT,,83,80,75,70,70,101,NORMAL,FLYING,263614,222971,370,602.6243243243243
19,RATTATA,,30,56,35,25,35,72,NORMAL,,192503,321489,264,1217.7613636363637
20,RATICATE,,55,81,60,50,70,97,NORMAL,,257918,240797,314,766.8694267515923
21,SPEAROW,,40,60,30,31,31,70,NORMAL,FLYING,199780,339775,284,1196.3908450704225
22,FEAROW,,65,90,65,61,61,100,NORMAL,FLYING,276514,241652,334,723.5089820359282
23,EKANS,,35,60,44,40,54,55,POISON,,175339,280206,274,1022.6496350364963
24,ARBOK,,60,95,69,65,79,80,POISON,,229655,223169,324,688.7932098765432
25,PIKACHU,,35,55,40,50,50,90,ELECTRIC,,169185,292249,274,1066.602189781022
26,RAICHU,,60,90,55,90,80,110,ELECTRIC,,227170,243475,324,751.466049382716
27,SANDSHREW,,50,75,85,20,30,40,GROUND,,162973,286461,304,942.3059210526316
28,SANDSLASH,,75,100,110,45,55,65,GROUND,,195718,222164,354,627.5819209039548
29,NIDORANfE,,55,47,52,40,40,41,POISON,,115794,284695,314,906.671974522293
30,NIDORINA,,70,62,67,55,55,56,POISON,,134008,246161,344,715.5843023255813
31,NIDOQUEEN,,90,92,87,75,85,76,POISON,GROUND,190598,201311,384,524.2473958333334
32,NIDORANmA,,46,57,40,40,40,50,POISON,,140495,303670,296,1025.912162162162
33,NIDORINO,,61,72,57,55,55,65,POISON,,160386,257691,326,790.463190184049
34,NIDOKING,,81,102,77,85,75,85,POISON,GROUND,204180,217055,366,593.0464480874317
35,CLEFAIRY,,70,45,48,60,65,35,FAIRY,,148288,264302,344,768.3197674418604
36,CLEFABLE,,95,70,73,95,90,60,FAIRY,,193824,212707,394,539.8654822335026
37,VULPIX,,38,41,40,50,65,65,FIRE,,174102,281875,280,1006.6964285714286
38,NINETALES,,73,76,75,81,100,100,FIRE,,229186,206323,350,589.4942857142858
39,JIGGLYPUFF,,115,45,20,45,25,20,NORMAL,FAIRY,245661,380089,434,875.7811059907834
40,WIGGLYTUFF,,140,70,45,85,50,45,NORMAL,FAIRY,317981,282198,484,583.0537190082645
41,ZUBAT,,40,45,35,30,40,55,POISON,FLYING,149080,314471,284,1107.2922535211267
42,GOLBAT,,75,80,70,65,75,90,POISON,FLYING,204654,224456,354,634.0564971751412
43,ODDISH,,45,50,55,75,65,30,GRASS,POISON,213711,251876,294,856.7210884353741
44,GLOOM,,60,65,70,85,75,40,GRASS,POISON,230793,224456,324,692.7654320987655
45,VILEPLUME,,75,80,85,110,90,50,GRASS,POISON,275517,200096,354,565.2429378531074
46,PARAS,,35,70,55,45,55,25,BUG,GRASS,153119,260487,274,950.6824817518249
47,PARASECT,,60,95,80,60,80,30,BUG,GRASS,195273,210721,324,650.3734567901234
48,VENONAT,,60,55,50,40,55,45,BUG,POISON,116551,268211,324,827.8117283950618
49,VENOMOTH,,70,65,60,90,75,90,BUG,POISON,186003,237786,344,691.2383720930233
50,DIGLETT,,10,55,25,35,45,95,GROUND,,138687,338690,224,1512.0089285714287
51,DUGTRIO,,35,100,50,50,70,120,GROUND,,196083,257417,274,939.478102189781
52,MEOWTH,,40,45,35,40,40,90,NORMAL,,173292,314471,284,1107.2922535211267
53,PERSIAN,,65,70,60,65,65,115,NORMAL,,246219,244451,334,731.8892215568862
54,PSYDUCK,,50,52,48,65,50,55,WATER,,168725,276724,304,910.2763157894736
55,GOLDUCK,,80,82,78,95,80,85,WATER,,212700,212660,364,584.2307692307693
56,MANKEY,,40,80,35,35,45,70,FIGHTING,,252423,308866,284,1087.556338028169
57,PRIMEAPE,,65,105,60,60,70,95,FIGHTING,,301010,240797,334,720.9491017964071
58,GROWLITHE,,55,70,45,70,50,60,FIRE,,211730,282198,314,898.71974522293
59,ARCANINE,,90,110,80,100,80,95,FIRE,,268970,210721,384,548.7526041666666
60,POLIWAG,,40,50,40,40,40,90,WATER,,138530,303670,284,1069.2605633802816
61,POLIWHIRL,,65,65,65,50,50,90,WATER,,157275,254725,334,762.6497005988024
62,POLIWRATH,,90,95,95,70,90,70,WATER,FIGHTING,282869,192013,384,500.0338541666667
63,ABRA,,25,20,15,105,55,90,PSYCHIC,,204125,378868,254,1491.6062992125985
64,KADABRA,,40,35,30,120,70,105,PSYCHIC,,267700,309606,284,1090.161971830986
65,ALAKAZAM,,55,50,45,135,95,120,PSYCHIC,,291160,260704,314,830.2675159235669
66,MACHOP,,70,80,50,35,35,35,FIGHTING,,252423,296473,344,861.8401162790698
67,MACHOKE,,80,100,70,50,60,45,FIGHTING,,291052,237367,364,652.1071428571429
68,MACHAMP,,90,130,80,65,85,55,FIGHTING,,348662,207600,384,540.625
69,BELLSPROUT,,50,75,35,70,30,40,GRASS,POISON,213991,330299,304,1086.5098684210527
70,WEEPINBELL,,65,90,50,85,45,55,GRASS,POISON,240188,279688,334,837.3892215568862
71,VICTREEBEL,,80,105,65,100,70,70,GRASS,POISON,266391,234035,364,642.9532967032967
72,TENTACOOL,,40,40,35,50,100,70,WATER,POISON,152626,288575,284,1016.1091549295775
73,TENTACRUEL,,80,70,65,80,120,100,WATER,POISON,199778,216148,364,593.8131868131868
74,GEODUDE,,40,80,100,30,30,20,ROCK,GROUND,278728,283761,284,999.1584507042254
75,GRAVELER,,55,95,115,45,45,35,ROCK,GROUND,310879,240856,314,767.0573248407643
76,GOLEM,,80,120,130,55,65,45,ROCK,GROUND,364256,202009,364,554.9697802197802
77,PONYTA,,50,85,55,65,65,90,FIRE,,219473,251876,304,828.5394736842105
78,RAPIDASH,,65,100,70,80,80,105,FIRE,,244859,221336,334,662.6826347305389
79,SLOWPOKE,,90,65,65,40,40,15,WATER,PSYCHIC,148891,271423,384,706.8307291666666
80,SLOWBRO,,95,75,110,100,80,30,WATER,PSYCHIC,237508,191025,394,484.83502538071065
81,MAGNEMITE,,25,35,70,95,55,45,ELECTRIC,STEEL,267210,243306,254,957.8976377952756
82,MAGNETON,,50,60,95,120,70,70,ELECTRIC,STEEL,314598,208231,304,684.9703947368421
83,FARFETCHD,,52,90,55,58,62,60,NORMAL,FLYING,253712,254147,308,825.1525974025974
84,DODUO,,35,85,45,35,35,75,NORMAL,FLYING,244703,303441,274,1107.448905109489
85,DODRIO,,60,110,70,60,60,110,NORMAL,FLYING,312397,237367,324,732.6141975308642
86,SEEL,,65,45,55,45,70,45,WATER,,140160,248605,334,744.3263473053893
87,DEWGONG,,90,70,80,70,95,70,WATER,ICE,178905,202599,384,527.6015625
88,GRIMER,,80,80,50,40,50,25,POISON,,278897,273348,364,750.9560439560439
89,MUK,,105,105,75,65,100,50,POISON,,332612,206323,414,498.3647342995169
90,SHELLDER,,30,65,100,45,25,40,WATER,,246954,301445,264,1141.8371212121212
91,CLOYSTER,,50,95,180,85,45,70,WATER,ICE,311978,237004,304,779.6184210526316
92,GASTLY,,30,35,30,100,35,80,GHOST,POISON,197427,333627,264,1263.7386363636363
93,HAUNTER,,45,50,45,115,55,95,GHOST,POISON,225887,277536,294,944.0
94,GENGAR,,60,65,60,130,75,110,GHOST,POISON,259153,237786,324,733.9074074074074
95,ONIX,,35,45,160,30,45,70,ROCK,GROUND,204613,237475,274,866.6970802919708
96,DROWZEE,,60,48,45,43,90,42,PSYCHIC,,150681,261553,324,807.2623456790124
97,HYPNO,,85,73,70,73,115,67,PSYCHIC,,197197,209065,374,558.9973262032086
98,KRABBY,,30,105,90,25,25,50,WATER,,201283,302699,264,1146.5871212121212
99,KINGLER,,55,130,115,50,50,75,WATER,,234096,230085,314,732.7547770700637
100,VOLTORB,,40,30,50,55,55,100,ELECTRIC,,177374,268211,284,944.4049295774648
101,ELECTRODE,,60,50,70,80,80,150,ELECTRIC,,221091,221336,324,683.1358024691358
102,EXEGGCUTE,,60,40,80,60,45,40,GRASS,PSYCHIC,204184,251739,324,776.9722222222222
103,EXEGGUTOR,,95,95,85,125,75,55,GRASS,PSYCHIC,327122,210188,394,533.4720812182741
104,CUBONE,,50,50,95,40,50,35,GROUND,,133317,235648,304,775.1578947368421
105,MAROWAK,,60,80,110,50,80,45,GROUND,,171704,191025,324,589.5833333333334
106,HITMONLEE,,50,120,53,35,110,87,FIGHTING,,329230,240056,304,789.6578947368421
107,HITMONCHAN,,50,105,79,35,110,76,FIGHTING,,300545,198428,304,652.7236842105264
108,LICKITUNG,,90,55,75,60,75,30,NORMAL,,225684,219050,384,570.4427083333334
109,KOFFING,,40,65,95,60,45,35,POISON,,248645,245383,284,864.0246478873239
110,WEEZING,,65,90,120,85,70,60,POISON,,302703,197782,334,592.1616766467066
111,RHYHORN,,80,85,95,30,30,25,GROUND,ROCK,175794,284518,364,781.6428571428571
112,RHYDON,,105,130,120,45,45,40,GROUND,ROCK,234329,240195,414,580.1811594202899
113,CHANSEY,,250,5,5,35,105,50,NORMAL,,168336,443575,704,630.078125
114,TANGELA,,65,55,115,100,40,60,GRASS,,256497,252853,334,757.0449101796407
115,KANGASKHAN,,105,95,80,40,80,90,NORMAL,,282235,210721,414,508.987922705314
116,HORSEA,,30,40,70,70,25,60,WATER,,174280,307712,264,1165.5757575757575
117,SEADRA,,55,65,95,95,45,85,WATER,,210771,245383,314,781.4745222929936
118,GOLDEEN,,45,67,60,35,50,63,WATER,,142393,259976,294,884.2721088435375
119,SEAKING,,80,92,65,65,80,68,WATER,,190267,227880,364,626.0439560439561
120,STARYU,,30,45,55,70,55,85,WATER,,174271,260487,264,986.6931818181819
121,STARMIE,,60,75,85,100,85,115,WATER,PSYCHIC,218761,202982,324,626.4876543209876
122,MRMIME,,40,45,65,100,120,90,PSYCHIC,FAIRY,236727,216148,284,761.0845070422536
123,SCYTHER,,70,110,80,55,80,105,BUG,FLYING,207668,210721,344,612.5610465116279
124,JYNX,,65,50,35,115,95,95,ICE,PSYCHIC,260053,288986,334,865.2275449101796
125,ELECTABUZZ,,65,83,57,95,85,105,ELECTRIC,,212995,237911,334,712.3083832335329
126,MAGMAR,,65,95,57,100,85,93,FIRE,,262415,237911,334,712.3083832335329
127,PINSIR,,65,125,100,55,70,85,BUG,,226263,205549,334,615.4161676646706
128,TAUROS,,75,100,95,40,70,110,NORMAL,,291560,208231,354,588.223163841808
129,MAGIKARP,,20,10,55,15,20,80,WATER,,95288,333630,244,1367.3360655737704
130,GYARADOS,,95,125,79,60,100,81,WATER,FLYING,227501,201700,394,511.92893401015226
131,LAPRAS,,130,85,80,85,95,60,WATER,ICE,200908,202599,464,436.63577586206895
132,DITTO,,48,48,48,48,48,48,NORMAL,,0,278987,300,929.9566666666667
133,EEVEE,,55,55,50,45,65,55,NORMAL,,191216,260414,314,829.343949044586
134,VAPOREON,,130,65,60,110,95,65,WATER,,231811,229569,464,494.76077586206895
135,JOLTEON,,65,65,60,110,95,130,ELECTRIC,,231811,229569,334,687.3323353293413
136,FLAREON,,65,130,60,95,110,65,FIRE,,288404,226281,334,677.4880239520958
137,PORYGON,,65,60,70,85,75,40,NORMAL,,269195,224456,334,672.0239520958083
138,OMANYTE,,35,40,100,90,55,35,ROCK,WATER,220828,225285,274,822.2080291970802
139,OMASTAR,,70,60,125,115,70,55,ROCK,WATER,260132,196391,344,570.9040697674419
140,KABUTO,,30,80,90,55,45,55,ROCK,WATER,179266,247162,264,936.219696969697
141,KABUTOPS,,60,115,105,65,70,80,ROCK,WATER,219520,203220,324,627.2222222222222
142,AERODACTYL,,80,105,65,60,75,130,ROCK,FLYING,281349,230684,364,633.7472527472528
143,SNORLAX,,160,110,65,65,110,30,NORMAL,,412858,217757,524,415.5667938931298
144,ARTICUNO,,90,85,100,95,125,85,ICE,FLYING,251152,173561,384,451.9817708333333
145,ZAPDOS,,90,90,85,125,90,100,ELECTRIC,FLYING,285018,200096,384,521.0833333333334
146,MOLTRES,,90,100,90,125,85,90,FIRE,FLYING,307843,198910,384,517.9947916666666
147,DRATINI,,41,64,45,50,50,50,DRAGON,,187130,282198,286,986.7062937062936
148,DRAGONAIR,,61,84,65,70,70,70,DRAGON,,221034,234035,326,717.898773006135
149,DRAGONITE,,91,134,95,100,100,80,DRAGON,FLYING,295477,186606,386,483.43523316062175
150,MEWTWO,,106,110,90,154,90,130,PSYCHIC,,327519,195802,416,470.67788461538464
151,MEW,,100,100,100,100,100,100,PSYCHIC,,324983,182866,404,452.63861386138615
152,CHIKORITA,,45,49,65,49,65,45,GRASS,,176910,237987,294,809.4795918367347
153,BAYLEEF,,60,62,80,63,80,60,GRASS,,201237,210721,324,650.3734567901234
154,MEGANIUM,,80,82,100,83,100,80,GRASS,,265580,182866,364,502.3791208791209
155,CYNDAQUIL,,39,52,43,60,50,65,FIRE,,218285,285921,282,1013.9042553191489
156,QUILAVA,,58,64,58,80,65,80,FIRE,,256871,247306,320,772.83125
157,TYPHLOSION,,78,84,78,109,85,100,FIRE,,313390,209619,360,582.275
158,TOTODILE,,50,65,64,44,48,43,WATER,,154701,258564,304,850.5394736842105
159,CROCONAW,,65,80,80,59,63,58,WATER,,175855,225575,334,675.374251497006
160,FERALIGATR,,85,105,100,79,83,78,WATER,,256903,193641,374,517.7566844919786
161,SENTRET,,35,46,34,35,45,20,NORMAL,,174889,311401,274,1136.5
162,FURRET,,85,76,64,45,55,90,NORMAL,,247923,249206,374,666.3262032085562
163,HOOTHOOT,,60,30,30,36,56,50,NORMAL,FLYING,149717,314791,324,971.5771604938271
164,NOCTOWL,,100,50,50,86,96,70,NORMAL,FLYING,269238,248530,404,615.1732673267327
165,LEDYBA,,40,20,30,40,80,55,BUG,FLYING,109812,307760,284,1083.661971830986
166,LEDIAN,,55,35,50,85,110,85,BUG,FLYING,177222,246605,314,785.3662420382166
167,SPINARAK,,40,60,40,40,40,30,BUG,POISON,172399,303670,284,1069.2605633802816
168,ARIADOS,,70,90,70,60,70,40,BUG,POISON,218892,228066,344,662.9825581395348
169,CROBAT,,85,90,80,70,80,130,POISON,FLYING,255268,210721,374,563.4251336898395
170,CHINCHOU,,75,38,38,56,56,67,WATER,ELECTRIC,154431,292104,354,825.1525423728814
171,LANTURN,,125,58,58,76,76,67,WATER,ELECTRIC,184313,240375,454,529.4603524229075
172,PICHU,,20,40,15,35,35,60,ELECTRIC,,145223,388307,244,1591.422131147541
173,CLEFFA,,50,25,28,45,55,15,FAIRY,,120872,322015,304,1059.2598684210527
174,IGGLYBUFF,,90,30,15,40,20,15,NORMAL,FAIRY,147360,408606,384,1064.078125
175,TOGEPI,,35,20,65,40,65,20,FAIRY,,114475,237987,274,868.5656934306569
176,TOGETIC,,55,40,85,80,105,40,FAIRY,FLYING,171078,193516,314,616.2929936305733
177,NATU,,40,50,45,70,45,70,PSYCHIC,FLYING,198396,287923,284,1013.8133802816901
178,XATU,,65,75,70,95,70,95,PSYCHIC,FLYING,242243,228066,334,682.8323353293413
179,MAREEP,,55,40,40,65,45,35,ELECTRIC,,167130,297423,314,947.2070063694267
180,FLAAFFY,,70,55,55,80,60,45,ELECTRIC,,189454,255796,344,743.5930232558139
181,AMPHAROS,,90,75,85,115,90,55,ELECTRIC,,260442,200096,384,521.0833333333334
182,BELLOSSOM,,75,80,95,90,100,50,GRASS,,245036,186606,354,527.1355932203389
183,MARILL,,70,20,50,20,50,40,WATER,FAIRY,105137,273348,344,794.6162790697674
184,AZUMARILL,,100,50,80,60,80,50,WATER,FAIRY,161975,210721,404,521.5866336633663
185,SUDOWOODO,,70,100,115,30,65,30,ROCK,,321566,205658,344,597.8430232558139
186,POLITOED,,90,75,75,90,100,70,WATER,,205251,206323,384,537.2994791666666
187,HOPPIP,,35,35,40,35,55,50,GRASS,FLYING,146282,288116,274,1051.5182481751824
188,SKIPLOOM,,55,45,50,45,65,80,GRASS,FLYING,163322,260414,314,829.343949044586
189,JUMPLUFF,,75,55,70,55,95,110,GRASS,FLYING,181403,214450,354,605.7909604519774
190,AIPOM,,55,70,55,40,55,85,NORMAL,,217794,260487,314,829.5764331210191
191,SUNKERN,,30,30,30,30,30,30,GRASS,,137619,341477,264,1293.4734848484848
192,SUNFLORA,,75,75,55,105,85,30,GRASS,,264873,241524,354,682.271186440678
193,YANMA,,65,65,45,75,45,95,BUG,FLYING,150878,287923,334,862.0449101796407
194,WOOPER,,55,45,45,25,25,15,WATER,GROUND,128037,326492,314,1039.783439490446
195,QUAGSIRE,,95,85,85,65,65,35,WATER,GROUND,184129,219773,394,557.7994923857868
196,ESPEON,,65,65,60,130,95,110,PSYCHIC,,283463,229569,334,687.3323353293413
197,UMBREON,,95,65,110,60,130,65,DARK,,156967,164564,394,417.6751269035533
198,MURKROW,,60,85,42,85,42,91,DARK,FLYING,248968,297103,324,916.9845679012345
199,SLOWKING,,95,75,80,100,110,30,WATER,PSYCHIC,237508,197253,394,500.6421319796954
200,MISDREAVUS,,60,60,60,85,85,85,GHOST,,181716,232955,324,718.9969135802469
201,UNOWN,,48,72,48,72,48,48,PSYCHIC,,0,278987,300,929.9566666666667
202,WOBBUFFET,,190,33,58,33,58,33,PSYCHIC,,3935,253300,584,433.7328767123288
203,GIRAFARIG,,70,80,65,90,65,85,NORMAL,PSYCHIC,284552,237987,344,691.8226744186046
204,PINECO,,50,65,90,35,35,15,BUG,,246648,270505,304,889.8190789473684
205,FORRETRESS,,75,90,140,60,60,40,BUG,STEEL,301960,208277,354,588.3531073446328
206,DUNSPARCE,,100,70,70,65,65,45,NORMAL,,246219,232360,404,575.1485148514852
207,GLIGAR,,65,75,105,35,65,85,GROUND,FLYING,163397,209146,334,626.185628742515
208,STEELIX,,75,85,200,55,65,30,STEEL,GROUND,290987,196482,354,555.0338983050848
209,SNUBBULL,,60,80,50,40,40,30,FAIRY,,168498,287285,324,886.6820987654321
210,GRANBULL,,90,120,75,60,60,45,FAIRY,,220349,232909,384,606.5338541666666
211,QWILFISH,,65,95,85,55,55,85,WATER,POISON,311002,232358,334,695.6826347305389
212,SCIZOR,,70,130,100,55,80,65,BUG,STEEL,237377,196068,344,569.9651162790698
213,SHUCKLE,,20,10,230,10,230,5,BUG,ROCK,97512,99093,244,406.1188524590164
214,HERACROSS,,80,125,75,40,95,85,BUG,FIGHTING,338881,208207,364,571.9972527472528
215,SNEASEL,,55,95,55,35,75,115,DARK,ICE,188214,245839,314,782.9267515923567
216,TEDDIURSA,,60,80,50,50,50,40,NORMAL,,235738,273348,324,843.6666666666666
217,URSARING,,90,130,75,75,75,55,NORMAL,,351247,219050,384,570.4427083333334
218,SLUGMA,,40,40,40,70,40,20,FIRE,,205157,303670,284,1069.2605633802816
219,MAGCARGO,,60,50,120,90,80,30,FIRE,ROCK,245891,187029,324,577.25
220,SWINUB,,50,50,40,30,30,50,ICE,GROUND,134991,321228,304,1056.671052631579
221,PILOSWINE,,100,100,80,60,60,50,ICE,GROUND,198880,229009,404,566.8539603960396
222,CORSOLA,,65,55,95,65,95,35,WATER,ROCK,229545,189137,334,566.2784431137725
223,REMORAID,,35,65,35,65,35,65,WATER,,226739,321489,274,1173.3175182481752
224,OCTILLERY,,75,105,75,105,75,45,WATER,,305586,219050,354,618.7853107344632
225,DELIBIRD,,45,55,45,65,45,75,ICE,FLYING,196450,287923,294,979.3299319727892
226,MANTINE,,85,40,70,80,140,70,WATER,FLYING,188671,205974,374,550.7326203208556
227,SKARMORY,,65,80,140,40,70,70,STEEL,FLYING,237488,193308,334,578.7664670658683
228,HOUNDOUR,,45,60,30,80,50,65,DARK,FIRE,224280,318415,294,1083.044217687075
229,HOUNDOOM,,75,90,50,110,80,95,DARK,FIRE,276235,252894,354,714.3898305084746
230,KINGDRA,,75,95,95,95,95,85,WATER,DRAGON,255410,189137,354,534.2853107344632
231,PHANPY,,90,60,60,40,40,40,GROUND,,145247,275891,384,718.4661458333334
232,DONPHAN,,90,120,120,60,60,50,GROUND,,221498,211585,384,551.0026041666666
233,PORYGON2,,85,80,90,105,95,60,NORMAL,,309703,193131,374,516.3930481283422
234,STANTLER,,73,95,62,85,65,85,NORMAL,,294563,241718,350,690.6228571428571
235,SMEARGLE,,55,20,35,20,45,75,NORMAL,,226593,308866,314,983.6496815286624
236,TYROGUE,,35,35,35,35,35,35,FIGHTING,,143938,321489,274,1173.3175182481752
237,HITMONTOP,,50,95,95,35,110,70,FIGHTING,,244284,182461,304,600.2006578947369
238,SMOOCHUM,,45,30,15,85,65,65,ICE,PSYCHIC,195511,377188,294,1282.952380952381
239,ELEKID,,45,63,37,65,55,95,ELECTRIC,,171030,295327,294,1004.5136054421769
240,MAGBY,,45,75,37,70,55,83,FIRE,,213991,295327,294,1004.5136054421769
241,MILTANK,,95,80,105,40,70,100,NORMAL,,254224,203220,394,515.7868020304569
242,BLISSEY,,255,10,10,75,135,55,NORMAL,,246037,406502,714,569.3305322128851
243,RAIKOU,,90,85,75,115,100,115,ELECTRIC,,260844,206323,384,537.2994791666666
244,ENTEI,,115,115,85,90,75,100,FIRE,,285719,210188,434,484.3041474654378
245,SUICUNE,,100,75,115,90,115,85,WATER,,205251,166468,404,412.0495049504951
246,LARVITAR,,50,64,50,45,50,41,ROCK,GROUND,151945,273348,304,899.171052631579
247,PUPITAR,,70,84,70,65,70,51,ROCK,GROUND,179118,228066,344,662.9825581395348
248,TYRANITAR,,100,134,110,95,100,61,ROCK,DARK,242541,176574,404,437.06435643564356
249,LUGIA,,106,90,130,90,154,110,PSYCHIC,FLYING,260947,146224,416,351.5
250,HOOH,,106,130,90,110,154,90,FIRE,FLYING,333034,178157,416,428.2620192307692
251,CELEBI,,100,100,100,100,100,100,PSYCHIC,GRASS,267023,182866,404,452.63861386138615
252,TREECKO,,40,45,35,65,55,70,GRASS,,196972,300572,284,1058.3521126760563
253,GROVYLE,,50,65,45,85,65,95,GRASS,,233714,270541,304,889.9375
254,SCEPTILE,,70,85,65,105,85,120,GRASS,,306471,225442,344,655.3546511627907
255,TORCHIC,,45,60,40,70,50,45,FIRE,,208709,292249,294,994.0442176870748
256,COMBUSKEN,,60,85,60,85,60,55,FIRE,FIGHTING,270096,248715,324,767.6388888888889
257,BLAZIKEN,,80,120,70,110,70,80,FIRE,FIGHTING,345919,228066,364,626.554945054945
258,MUDKIP,,50,70,50,50,50,40,WATER,,152641,273348,304,899.171052631579
259,MARSHTOMP,,70,85,70,60,70,50,WATER,GROUND,182199,228066,344,662.9825581395348
260,SWAMPERT,,100,110,90,85,90,60,WATER,GROUND,268534,195802,404,484.65841584158414
261,POOCHYENA,,35,55,35,30,30,35,DARK,,130974,330299,274,1205.470802919708
262,MIGHTYENA,,70,90,70,60,60,70,DARK,,184039,237367,344,690.0203488372093
263,ZIGZAGOON,,38,30,41,30,41,60,NORMAL,,146515,300322,280,1072.5785714285714
264,LINOONE,,78,70,61,50,61,100,NORMAL,,238836,246445,360,684.5694444444445
265,WURMPLE,,45,45,35,20,30,20,BUG,,75775,330299,294,1123.4659863945578
266,SILCOON,,50,35,55,25,25,15,BUG,,68158,316422,304,1040.8618421052631
267,BEAUTIFLY,,60,70,50,100,50,65,BUG,FLYING,198798,273348,324,843.6666666666666
268,CASCOON,,50,35,55,25,25,15,BUG,,68158,316422,304,1040.8618421052631
269,DUSTOX,,60,50,70,50,90,65,BUG,POISON,138576,216429,324,667.9907407407408
270,LOTAD,,40,30,30,40,50,30,WATER,GRASS,143038,318415,284,1121.1795774647887
271,LOMBRE,,60,50,50,60,70,50,WATER,GRASS,174183,257417,324,794.4969135802469
272,LUDICOLO,,80,70,70,90,100,70,WATER,GRASS,239548,212735,364,584.4368131868132
273,SEEDOT,,40,40,50,30,30,30,GRASS,,194793,307514,284,1082.7957746478874
274,NUZLEAF,,70,70,40,60,40,60,GRASS,DARK,260020,303670,344,882.7616279069767
275,SHIFTRY,,90,100,60,90,60,80,GRASS,DARK,325199,248715,384,647.6953125
276,TAILLOW,,40,55,30,30,30,85,NORMAL,FLYING,193576,341477,284,1202.3838028169014
277,SWELLOW,,60,85,60,75,50,125,NORMAL,FLYING,273931,259976,324,802.395061728395
278,WINGULL,,40,30,30,55,30,85,WATER,FLYING,159480,341477,284,1202.3838028169014
279,PELIPPER,,60,50,100,95,70,65,WATER,FLYING,214410,205549,324,634.4104938271605
280,RALTS,,28,25,25,45,35,40,PSYCHIC,FAIRY,150617,348439,260,1340.15
281,KIRLIA,,38,35,35,65,55,50,PSYCHIC,FAIRY,181872,300572,280,1073.4714285714285
282,GARDEVOIR,,68,65,65,125,115,80,PSYCHIC,FAIRY,275634,216874,340,637.864705882353
283,SURSKIT,,40,30,32,50,52,65,BUG,WATER,145622,311048,284,1095.2394366197184
284,MASQUERAIN,,70,60,62,100,82,80,BUG,FLYING,217709,231150,344,671.9476744186046
285,SHROOMISH,,60,40,60,40,60,35,GRASS,,144953,248715,324,767.6388888888889
286,BRELOOM,,60,130,80,60,60,70,GRASS,FIGHTING,348737,229009,324,706.8179012345679
287,SLAKOTH,,60,60,60,35,35,30,NORMAL,,171669,286069,324,882.929012345679
288,VIGOROTH,,80,80,80,55,55,90,NORMAL,,202987,235516,364,647.021978021978
289,SLAKING,,150,110,80,65,65,100,NORMAL,,313178,223420,504,443.2936507936508
290,NINCADA,,31,45,90,30,30,40,BUG,GROUND,105080,285409,266,1072.9661654135339
291,NINJASK,,61,90,45,50,50,160,BUG,FLYING,182609,282198,326,865.638036809816
292,SHEDINJA,,1,90,45,30,30,40,BUG,GHOST,200052,313839,1,313839.0
293,WHISMUR,,64,51,23,51,23,28,NORMAL,,159803,374181,332,1127.051204819277
294,LOUDRED,,84,71,43,71,43,48,NORMAL,,191047,293921,372,790.1102150537635
295,EXPLOUD,,104,91,63,91,73,68,NORMAL,,292928,234603,412,569.4247572815534
296,MAKUHITA,,72,60,30,20,30,25,FIGHTING,,213956,341477,348,981.2557471264367
297,HARIYAMA,,144,120,60,40,60,50,FIGHTING,,329249,248715,492,505.5182926829268
298,AZURILL,,50,20,40,20,40,20,NORMAL,FAIRY,89013,303670,304,998.9144736842105
299,NOSEPASS,,30,45,135,45,90,30,ROCK,,206139,173189,264,656.0189393939394
300,SKITTY,,50,60,45,35,35,60,NORMAL,,199821,303441,304,998.1611842105264
301,DELCATTY,,70,85,65,55,55,90,NORMAL,,266277,248196,344,721.5
302,SABLEYE,,50,75,75,65,65,50,DARK,GHOST,183029,227562,304,748.5592105263158
303,MAWILE,,50,85,85,55,55,50,STEEL,FAIRY,199252,232358,304,764.3355263157895
304,ARON,,50,70,100,40,40,30,STEEL,ROCK,235107,255164,304,839.3552631578947
305,LAIRON,,60,90,140,50,50,40,STEEL,ROCK,273195,227102,324,700.9320987654321
306,AGGRON,,70,110,180,60,60,50,STEEL,ROCK,311475,205621,344,597.7354651162791
307,MEDITITE,,30,40,55,40,55,60,FIGHTING,PSYCHIC,178746,260487,264,986.6931818181819
308,MEDICHAM,,60,60,75,60,75,80,FIGHTING,PSYCHIC,217961,219050,324,676.0802469135803
309,ELECTRIKE,,40,45,40,65,40,65,ELECTRIC,,167305,303670,284,1069.2605633802816
310,MANECTRIC,,70,75,60,105,60,105,ELECTRIC,,225583,248715,344,723.0087209302326
311,PLUSLE,,60,50,40,85,75,95,ELECTRIC,,195824,277860,324,857.5925925925926
312,MINUN,,60,40,50,75,85,95,ELECTRIC,,181506,251228,324,775.395061728395
313,VOLBEAT,,65,73,75,47,85,85,BUG,,160524,212787,334,637.0868263473054
314,ILLUMISE,,65,47,75,73,85,85,BUG,,149543,212787,334,637.0868263473054
315,ROSELIA,,50,60,45,100,80,65,GRASS,POISON,256745,264071,304,868.6546052631579
316,GULPIN,,70,43,53,43,53,40,POISON,,201826,265478,344,771.7383720930233
317,SWALOT,,100,73,83,73,83,55,POISON,,266608,206000,404,509.9009900990099
318,CARVANHA,,45,90,20,65,20,65,WATER,DARK,172974,390253,294,1327.391156462585
319,SHARPEDO,,70,120,40,95,40,95,WATER,DARK,230454,303670,344,882.7616279069767
320,WAILMER,,130,70,35,70,35,60,WATER,,242037,321489,464,692.864224137931
321,WAILORD,,170,90,45,90,45,60,WATER,,281950,287923,544,529.2702205882352
322,NUMEL,,60,60,40,65,45,35,FIRE,GROUND,201230,297423,324,917.9722222222222
323,CAMERUPT,,70,100,70,105,75,40,FIRE,GROUND,337168,224456,344,652.4883720930233
324,TORKOAL,,70,85,140,85,70,20,FIRE,,300998,193308,344,561.9418604651163
325,SPOINK,,60,25,35,70,80,60,PSYCHIC,,189653,290984,324,898.0987654320987
326,GRUMPIG,,80,45,65,90,110,80,PSYCHIC,,220972,217757,364,598.2335164835165
327,SPINDA,,60,60,60,60,60,60,NORMAL,,200660,248715,324,767.6388888888889
328,TRAPINCH,,45,100,45,45,45,10,GROUND,,195718,287923,294,979.3299319727892
329,VIBRAVA,,50,70,50,50,50,70,GROUND,DRAGON,194340,273348,304,899.171052631579
330,FLYGON,,80,100,80,80,80,100,GROUND,DRAGON,244859,210721,364,578.9038461538462
331,CACNEA,,50,85,40,85,40,35,GRASS,,232507,303670,304,998.9144736842105
332,CACTURNE,,70,115,60,115,60,55,GRASS,DARK,283801,248715,344,723.0087209302326
333,SWABLU,,45,40,60,40,75,50,NORMAL,FLYING,166651,237786,294,808.795918367347
334,ALTARIA,,75,70,90,70,105,80,DRAGON,FLYING,227820,188713,354,533.0875706214689
335,ZANGOOSE,,73,115,60,60,60,90,NORMAL,,321599,248715,350,710.6142857142858
336,SEVIPER,,73,100,60,100,60,65,POISON,,249878,248715,350,710.6142857142858
337,LUNATONE,,90,55,65,95,85,70,ROCK,PSYCHIC,241491,225442,384,587.0885416666666
338,SOLROCK,,90,95,85,55,65,70,ROCK,PSYCHIC,311151,219773,384,572.3255208333334
339,BARBOACH,,50,48,43,46,41,60,WATER,GROUND,144343,296671,304,975.891447368421
340,WHISCASH,,110,78,73,76,71,60,WATER,GROUND,188527,224158,424,528.6745283018868
341,CORPHISH,,43,80,65,50,35,35,WATER,,173733,282071,290,972.6586206896552
342,CRAWDAUNT,,63,120,85,90,55,55,WATER,DARK,229321,232358,330,704.1151515151515
343,BALTOY,,40,40,55,40,70,55,GROUND,PSYCHIC,193738,248605,284,875.3697183098592
344,CLAYDOL,,60,70,105,70,120,75,GROUND,PSYCHIC,260142,171153,324,528.25
345,LILEEP,,66,41,77,61,87,23,ROCK,GRASS,175613,209535,336,623.6160714285714
346,CRADILY,,86,81,97,81,107,43,ROCK,GRASS,218415,181935,376,483.86968085106383
347,ANORITH,,45,95,50,40,50,75,ROCK,BUG,158415,273348,294,929.7551020408164
348,ARMALDO,,75,125,100,70,80,45,ROCK,BUG,231997,196068,354,553.8644067796611
349,FEEBAS,,20,15,20,10,55,80,WATER,,75764,353793,244,1449.97131147541
350,MILOTIC,,95,60,79,100,125,81,WATER,,217709,195071,394,495.1040609137056
351,CASTFORM,,70,70,70,70,70,70,NORMAL,,218073,228066,344,662.9825581395348
352,KECLEON,,60,90,70,60,120,40,NORMAL,,253618,208170,324,642.5
353,SHUPPET,,44,75,35,63,33,45,GHOST,,179754,324783,292,1112.2705479452054
354,BANETTE,,64,115,65,83,63,65,GHOST,,237820,239777,332,722.2198795180723
355,DUSKULL,,20,40,90,30,90,25,GHOST,,129909,195802,244,802.4672131147541
356,DUSCLOPS,,40,70,130,60,130,25,GHOST,,175752,152765,284,537.9049295774648
357,TROPIUS,,99,108,83,72,87,51,GRASS,FLYING,260672,203615,402,506.5049751243781
358,CHIMECHO,,75,50,80,95,90,65,PSYCHIC,,228803,204903,354,578.8220338983051
359,ABSOL,,65,130,60,75,60,75,DARK,,234057,248715,334,744.6556886227545
360,WYNAUT,,95,23,48,23,48,23,PSYCHIC,,3770,278987,394,708.0888324873097
361,SNORUNT,,50,50,50,50,50,50,ICE,,146738,273348,304,899.171052631579
362,GLALIE,,80,80,80,80,80,80,ICE,,280408,210721,364,578.9038461538462
363,SPHEAL,,70,40,50,55,50,25,ICE,WATER,153254,273348,344,794.6162790697674
364,SEALEO,,90,60,70,75,70,45,ICE,WATER,182219,228066,384,593.921875
365,WALREIN,,110,80,90,95,90,65,ICE,WATER,212394,195802,424,461.79716981132077
366,CLAMPERL,,35,64,85,74,55,32,WATER,,149673,232358,274,848.021897810219
367,HUNTAIL,,55,104,105,94,75,52,WATER,,217724,198023,314,630.6464968152866
368,GOREBYSS,,55,84,105,114,75,52,WATER,,238491,198023,314,630.6464968152866
369,RELICANTH,,100,90,130,45,65,55,WATER,ROCK,271839,202009,404,500.0222772277228
370,LUVDISC,,43,30,55,50,65,97,WATER,,145622,251876,290,868.5379310344828
371,BAGON,,45,75,60,40,30,50,DRAGON,,197933,298180,294,1014.2176870748299
372,SHELGON,,65,95,100,60,50,50,DRAGON,,230589,233889,334,700.2664670658683
373,SALAMENCE,,95,135,80,110,80,100,DRAGON,FLYING,301190,210721,394,534.8248730964467
374,BELDUM,,40,55,80,35,60,30,STEEL,PSYCHIC,157655,229009,284,806.3697183098592
375,METANG,,60,75,100,55,80,50,STEEL,PSYCHIC,270494,196068,324,605.1481481481482
376,METAGROSS,,80,135,130,95,90,70,STEEL,PSYCHIC,398700,174740,364,480.05494505494505
377,REGIROCK,,80,100,200,50,100,50,ROCK,,321698,153847,364,422.6565934065934
378,REGICE,,80,50,100,100,200,50,ICE,,229632,164657,364,452.3543956043956
379,REGISTEEL,,80,75,150,75,150,50,STEEL,,275136,137758,364,378.45604395604397
380,LATIAS,,80,80,90,110,130,110,DRAGON,PSYCHIC,274812,181597,364,498.89285714285717
381,LATIOS,,80,90,80,130,110,110,DRAGON,PSYCHIC,308319,197253,364,541.9038461538462
382,KYOGRE,,100,100,90,150,140,90,WATER,,392639,179905,404,445.30940594059405
383,GROUDON,,100,150,140,100,90,90,GROUND,,311353,171816,404,425.28712871287127
384,RAYQUAZA,,105,150,90,150,90,95,DRAGON,FLYING,351545,195802,414,472.951690821256
385,JIRACHI,,100,100,100,100,100,100,STEEL,PSYCHIC,276768,182866,404,452.63861386138615
386,DEOXYS,,50,150,50,150,50,150,PSYCHIC,,368236,273348,304,899.171052631579
387,TURTWIG,,55,68,64,45,55,31,GRASS,,166104,249206,314,793.6496815286624
388,GROTLE,,75,89,85,55,65,36,GRASS,,185415,219773,354,620.8276836158192
389,TORTERRA,,95,109,105,75,85,56,GRASS,GROUND,262899,189287,394,480.4238578680203
390,CHIMCHAR,,44,58,44,58,44,61,FIRE,,190692,290760,292,995.7534246575342
391,MONFERNO,,64,78,52,78,52,81,FIRE,FIGHTING,256235,268040,332,807.3493975903615
392,INFERNAPE,,76,104,71,104,71,108,FIRE,FIGHTING,319677,226236,356,635.4943820224719
393,PIPLUP,,53,51,53,61,56,40,WATER,,161939,262476,310,846.6967741935484
394,PRINPLUP,,64,66,68,81,76,50,WATER,,190503,226219,332,681.3825301204819
395,EMPOLEON,,84,86,88,111,101,60,WATER,STEEL,317228,192099,372,516.3951612903226
396,STARLY,,40,55,30,30,30,60,NORMAL,FLYING,204490,341477,284,1202.3838028169014
397,STARAVIA,,55,75,50,40,40,80,NORMAL,FLYING,242769,287285,314,914.9203821656051
398,STARAPTOR,,85,120,70,50,60,100,NORMAL,FLYING,329980,237367,374,634.6711229946524
399,BIDOOF,,59,45,40,35,40,31,NORMAL,,172790,303670,322,943.0745341614906
400,BIBAREL,,79,85,60,55,60,71,NORMAL,WATER,266277,248715,362,687.0580110497237
401,KRICKETOT,,37,25,41,25,41,25,BUG,,80264,300322,278,1080.294964028777
402,KRICKETUNE,,77,85,51,55,51,65,BUG,,177279,270706,358,756.1620111731844
403,SHINX,,45,65,34,40,34,45,ELECTRIC,,142622,325268,294,1106.3537414965986
404,LUXIO,,60,85,49,60,49,60,ELECTRIC,,169197,276213,324,852.5092592592592
405,LUXRAY,,80,120,79,95,79,70,ELECTRIC,,231310,212354,364,583.3901098901099
406,BUDEW,,40,30,35,50,70,55,GRASS,POISON,172395,293453,284,1033.2852112676057
407,ROSERADE,,60,70,65,125,105,90,GRASS,POISON,298832,218838,324,675.425925925926
408,CRANIDOS,,67,125,40,30,30,58,ROCK,,338865,321228,338,950.3786982248521
409,RAMPARDOS,,97,165,60,65,50,58,ROCK,,415904,259976,398,653.2060301507538
410,SHIELDON,,30,42,118,42,88,30,ROCK,STEEL,170581,180828,264,684.9545454545455
411,BASTIODON,,60,52,168,47,138,30,ROCK,STEEL,180184,135985,324,419.7067901234568
412,BURMY,,40,29,45,29,45,36,BUG,,64959,287923,284,1013.8133802816901
413,WORMADAM,,60,59,85,79,105,36,BUG,GRASS,220909,193516,324,597.2716049382716
414,MOTHIM,,70,94,50,94,50,66,BUG,FLYING,199226,273348,344,794.6162790697674
415,COMBEE,,30,30,42,30,42,70,BUG,FLYING,98479,297103,264,1125.3901515151515
416,VESPIQUEN,,70,80,102,80,102,40,BUG,FLYING,193550,180569,344,524.9098837209302
417,PACHIRISU,,60,45,70,45,90,95,ELECTRIC,,141987,216429,324,667.9907407407408
418,BUIZEL,,55,65,35,60,30,85,WATER,,185227,330299,314,1051.907643312102
419,FLOATZEL,,85,105,55,85,50,115,WATER,,245575,266134,374,711.5882352941177
420,CHERUBI,,45,35,45,62,53,35,GRASS,,177311,279252,294,949.8367346938776
421,CHERRIM,,70,60,70,87,78,85,GRASS,,219605,222534,344,646.9011627906976
422,SHELLOS,,76,48,48,57,62,34,WATER,,156104,266255,356,747.9073033707865
423,GASTRODON,,111,83,68,92,82,39,WATER,GROUND,209396,222771,426,522.9366197183099
424,AMBIPOM,,75,100,66,60,66,115,NORMAL,,294093,235938,354,666.4915254237288
425,DRIFLOON,,90,50,34,60,44,70,GHOST,FLYING,214752,312348,384,813.40625
426,DRIFBLIM,,150,80,44,90,54,80,GHOST,FLYING,280129,280206,504,555.9642857142857
427,BUNEARY,,55,66,44,44,56,85,NORMAL,,210628,278570,314,887.1656050955414
428,LOPUNNY,,65,76,84,54,96,105,NORMAL,,250282,198058,334,592.9880239520958
429,MISMAGIUS,,60,60,60,105,105,105,GHOST,,204971,227169,324,701.1388888888889
430,HONCHKROW,,100,125,52,105,52,71,DARK,FLYING,319078,268040,404,663.4653465346535
431,GLAMEOW,,49,55,42,42,37,85,NORMAL,,191124,304575,302,1008.5264900662252
432,PURUGLY,,71,82,64,64,59,112,NORMAL,,263749,244778,346,707.4508670520231
433,CHINGLING,,45,30,50,65,50,45,PSYCHIC,,181913,273348,294,929.7551020408164
434,STUNKY,,63,63,47,41,41,74,POISON,DARK,242914,290017,330,878.839393939394
435,SKUNTANK,,103,93,67,71,61,84,POISON,DARK,307608,239411,410,583.9292682926829
436,BRONZOR,,57,24,86,24,86,23,STEEL,PSYCHIC,141510,201484,318,633.5974842767296
437,BRONZONG,,67,89,116,79,116,33,STEEL,PSYCHIC,303130,165494,338,489.62721893491124
438,BONSLY,,50,80,95,10,45,10,ROCK,,278728,245383,304,807.1809210526316
439,MIMEJR,,20,25,45,70,90,60,PSYCHIC,FAIRY,189731,261553,244,1071.938524590164
440,HAPPINY,,100,5,5,15,65,30,NORMAL,,102265,444184,404,1099.4653465346535
441,CHATOT,,76,65,45,92,42,91,NORMAL,FLYING,263940,291896,356,819.9325842696629
442,SPIRITOMB,,50,92,108,92,108,35,GHOST,DARK,210850,173754,304,571.5592105263158
443,GIBLE,,58,70,45,40,45,42,DRAGON,GROUND,190970,287923,320,899.759375
444,GABITE,,68,90,65,50,55,82,DRAGON,GROUND,221215,248196,340,729.9882352941177
445,GARCHOMP,,108,130,95,80,85,102,DRAGON,GROUND,284135,195295,420,464.98809523809524
446,MUNCHLAX,,135,85,40,40,85,5,NORMAL,,348099,275352,474,580.9113924050633
447,RIOLU,,40,70,40,35,40,60,FIGHTING,,233506,303670,284,1069.2605633802816
448,LUCARIO,,70,110,70,115,70,90,FIGHTING,STEEL,327977,228066,344,662.9825581395348
449,HIPPOPOTAS,,68,72,78,38,42,32,GROUND,,159705,258617,340,760.6382352941176
450,HIPPOWDON,,108,112,118,68,72,47,GROUND,,212391,196028,420,466.73333333333335
451,SKORUPI,,40,50,90,30,55,65,POISON,BUG,109094,229654,284,808.6408450704225
452,DRAPION,,70,90,110,60,75,95,POISON,DARK,184039,195780,344,569.1279069767442
453,CROAGUNK,,48,61,40,61,40,50,POISON,FIGHTING,219817,303670,300,1012.2333333333333
454,TOXICROAK,,83,106,65,86,65,85,POISON,FIGHTING,304797,237987,370,643.2081081081081
455,CARNIVINE,,74,100,72,90,72,46,GRASS,,244464,224402,352,637.5056818181819
456,FINNEON,,49,49,56,49,61,66,WATER,,146004,253388,302,839.0331125827814
457,LUMINEON,,69,69,76,69,86,91,WATER,,177285,211200,342,617.5438596491229
458,MANTYKE,,45,20,50,60,120,50,WATER,FLYING,159831,245772,294,835.9591836734694
459,SNOVER,,60,62,50,62,60,40,GRASS,ICE,197770,263915,324,814.5524691358024
460,ABOMASNOW,,90,92,75,92,85,60,GRASS,ICE,250175,212787,384,554.1328125
461,WEAVILE,,70,120,65,45,85,125,DARK,ICE,220021,225442,344,655.3546511627907
462,MAGNEZONE,,70,70,115,130,90,60,ELECTRIC,STEEL,333604,180575,344,524.9273255813954
463,LICKILICKY,,110,85,95,80,95,50,NORMAL,,435330,189137,424,446.07783018867923
464,RHYPERIOR,,115,140,130,55,55,40,GROUND,ROCK,367742,218270,434,502.926267281106
465,TANGROWTH,,100,100,125,110,50,50,GRASS,,280271,228599,404,565.8391089108911
466,ELECTIVIRE,,75,123,67,95,85,95,ELECTRIC,,234221,222652,354,628.9604519774011
467,MAGMORTAR,,75,95,67,125,95,83,FIRE,,300791,218620,354,617.5706214689266
468,TOGEKISS,,85,50,95,120,115,80,FAIRY,FLYING,225663,180763,374,483.3235294117647
469,YANMEGA,,86,76,86,116,56,95,BUG,FLYING,218967,230309,376,612.5239361702128
470,LEAFEON,,65,110,130,60,65,95,GRASS,,261319,202009,334,604.8173652694611
471,GLACEON,,65,60,110,130,95,65,ICE,,260221,179611,334,537.7574850299401
472,GLISCOR,,75,95,125,45,75,95,GROUND,FLYING,262543,190489,354,538.1045197740114
473,MAMOSWINE,,110,130,80,70,60,80,ICE,GROUND,236021,229009,424,540.1155660377359
474,PORYGONZ,,85,80,70,135,75,90,NORMAL,,364762,224456,374,600.1497326203208
475,GALLADE,,68,125,65,65,115,80,PSYCHIC,FIGHTING,339167,216874,340,637.864705882353
476,PROBOPASS,,60,55,145,75,150,40,ROCK,STEEL,242259,139807,324,431.50308641975306
477,DUSKNOIR,,45,100,135,65,135,45,GHOST,,215794,148706,294,505.80272108843536
478,FROSLASS,,70,80,70,80,70,110,ICE,GHOST,198871,228066,344,662.9825581395348
479,ROTOM,,50,50,77,95,77,91,ELECTRIC,GHOST,210480,215557,304,709.0690789473684
480,UXIE,,75,75,130,75,130,95,PSYCHIC,,200416,152765,354,431.53954802259886
481,MESPRIT,,80,105,105,105,105,80,PSYCHIC,,248036,177070,364,486.45604395604397
482,AZELF,,75,125,70,125,70,115,PSYCHIC,,378888,228066,354,644.2542372881356
483,DIALGA,,100,120,120,150,100,90,STEEL,DRAGON,393818,171580,404,424.7029702970297
484,PALKIA,,90,120,100,150,120,100,WATER,DRAGON,344030,174999,384,455.7265625
485,HEATRAN,,91,90,106,130,106,77,FIRE,STEEL,340619,175929,386,455.7746113989637
486,REGIGIGAS,,110,160,110,80,110,100,NORMAL,,407608,171593,424,404.70047169811323
487,GIRATINA,,150,100,120,100,120,90,GHOST,DRAGON,264193,161656,504,320.74603174603175
488,CRESSELIA,,120,70,110,75,120,85,PSYCHIC,,199661,167669,444,377.6328828828829
489,PHIONE,,80,80,80,80,80,80,WATER,,191576,210721,364,578.9038461538462
490,MANAPHY,,100,100,100,100,100,100,WATER,,223146,182866,404,452.63861386138615
491,DARKRAI,,70,90,90,135,90,125,DARK,,243828,195802,344,569.1918604651163
492,SHAYMIN,,100,100,100,100,100,100,GRASS,,258122,182866,404,452.63861386138615
493,ARCEUS,,120,120,120,120,120,120,NORMAL,,548180,161656,444,364.0900900900901
494,VICTINI,,100,100,100,100,100,100,PSYCHIC,FIRE,351893,182866,404,452.63861386138615
495,SNIVY,,45,45,55,45,55,63,GRASS,,163550,260487,294,886.0102040816327
496,SERVINE,,60,60,75,60,75,83,GRASS,,189005,219050,324,676.0802469135803
497,SERPERIOR,,75,75,95,75,95,113,GRASS,,246652,189137,354,534.2853107344632
498,TEPIG,,65,63,45,45,45,45,FIRE,,183478,287923,334,862.0449101796407
499,PIGNITE,,90,93,55,70,55,55,FIRE,FIGHTING,280255,260487,384,678.3515625
500,EMBOAR,,110,123,65,100,65,65,FIRE,FIGHTING,345398,237987,424,561.2900943396227
501,OSHAWOTT,,55,55,45,63,45,45,WATER,,165426,287923,314,916.952229299363
502,DEWOTT,,75,75,60,83,60,60,WATER,,194375,248715,354,702.5847457627119
503,SAMUROTT,,95,100,85,108,70,70,WATER,,311086,214651,394,544.7994923857868
504,PATRAT,,45,55,39,35,39,42,NORMAL,,190823,307055,294,1044.404761904762
505,WATCHOG,,60,85,69,60,69,77,NORMAL,,267619,230023,324,709.9475308641976
506,LILLIPUP,,45,60,45,25,45,55,NORMAL,,213820,287923,294,979.3299319727892
507,HERDIER,,65,80,65,35,65,60,NORMAL,,252215,237987,334,712.5359281437126
508,STOUTLAND,,85,110,90,45,90,80,NORMAL,,310803,195802,374,523.5347593582887
509,PURRLOIN,,41,50,37,50,37,66,DARK,,127464,314079,286,1098.1783216783217
510,LIEPARD,,64,88,50,88,50,106,DARK,,190925,273348,332,823.3373493975904
511,PANSAGE,,50,53,48,53,48,64,GRASS,,177868,278987,304,917.7203947368421
512,SIMISAGE,,75,98,63,98,63,101,GRASS,,254721,242142,354,684.0169491525423
513,PANSEAR,,50,53,48,53,48,64,FIRE,,182055,278987,304,917.7203947368421
514,SIMISEAR,,75,98,63,98,63,101,FIRE,,260685,242142,354,684.0169491525423
515,PANPOUR,,50,53,48,53,48,64,WATER,,153708,278987,304,917.7203947368421
516,SIMIPOUR,,75,98,63,98,63,101,WATER,,220060,242142,354,684.0169491525423
517,MUNNA,,76,25,45,67,55,24,PSYCHIC,,184918,277536,356,779.5955056179776
518,MUSHARNA,,116,55,85,107,95,29,PSYCHIC,,247609,197588,436,453.1834862385321
519,PIDOVE,,50,55,50,36,30,43,NORMAL,FLYING,190994,307514,304,1011.5592105263158
520,TRANQUILL,,62,77,62,50,42,65,NORMAL,FLYING,230358,270284,328,824.0365853658536
521,UNFEZANT,,80,115,80,65,55,93,NORMAL,FLYING,322300,235516,364,647.021978021978
522,BLITZLE,,45,60,32,50,32,76,ELECTRIC,,153622,333198,294,1133.3265306122448
523,ZEBSTRIKA,,75,100,63,80,63,116,ELECTRIC,,205454,242142,354,684.0169491525423
524,ROGGENROLA,,55,75,85,25,25,15,ROCK,,268002,303580,314,966.8152866242038
525,BOLDORE,,70,105,105,50,40,20,ROCK,,332361,254279,344,739.1831395348837
526,GIGALITH,,85,135,130,60,80,25,ROCK,,396429,183802,374,491.44919786096256
527,WOOBAT,,65,45,43,55,43,72,PSYCHIC,FLYING,166787,293921,334,880.002994011976
528,SWOOBAT,,67,57,55,77,55,114,PSYCHIC,FLYING,210628,260487,338,770.6715976331361
529,DRILBUR,,60,85,40,30,45,68,GROUND,,175794,297423,324,917.9722222222222
530,EXCADRILL,,110,135,60,50,65,88,GROUND,STEEL,243059,244451,424,576.5353773584906
531,AUDINO,,103,60,86,60,86,50,NORMAL,,228983,201484,410,491.42439024390245
532,TIMBURR,,75,80,55,25,35,35,FIGHTING,,252273,290851,354,821.6129943502825
533,GURDURR,,85,105,85,40,50,40,FIGHTING,,300584,240114,374,642.0160427807486
534,CONKELDURR,,105,140,95,55,65,45,FIGHTING,,367742,213769,414,516.3502415458937
535,TYMPOLE,,50,50,40,50,40,64,WATER,,145455,303670,304,998.9144736842105
536,PALPITOAD,,75,65,55,65,55,69,WATER,GROUND,171353,260487,354,735.8389830508474
537,SEISMITOAD,,105,95,75,85,75,74,WATER,GROUND,204929,219050,414,529.1062801932367
538,THROH,,120,100,85,30,85,45,FIGHTING,,290797,202982,444,457.1666666666667
539,SAWK,,75,125,75,30,75,85,FIGHTING,,338865,219050,354,618.7853107344632
540,SEWADDLE,,45,53,70,40,60,42,BUG,GRASS,144071,237367,294,807.3707482993198
541,SWADLOON,,55,63,90,50,80,42,BUG,GRASS,159599,202476,314,644.828025477707
542,LEAVANNY,,75,103,80,70,70,92,BUG,GRASS,214949,218515,354,617.2740112994351
543,VENIPEDE,,30,45,59,30,39,57,BUG,POISON,110601,278712,264,1055.7272727272727
544,WHIRLIPEDE,,40,55,99,40,79,47,BUG,POISON,122550,197508,284,695.4507042253521
545,SCOLIPEDE,,60,100,89,55,69,112,BUG,POISON,233785,212910,324,657.1296296296297
546,COTTONEE,,40,27,60,37,50,66,GRASS,FAIRY,138287,259976,284,915.4084507042254
547,WHIMSICOTT,,60,67,85,77,75,116,GRASS,FAIRY,202315,210188,324,648.7283950617284
548,PETILIL,,45,35,50,70,50,30,GRASS,,205159,273348,294,929.7551020408164
549,LILLIGANT,,70,60,75,110,75,90,GRASS,,273547,219050,344,636.7732558139535
550,BASCULIN,,70,92,65,80,55,98,WATER,,226676,248196,344,721.5
551,SANDILE,,50,72,35,35,35,65,GROUND,DARK,159522,321489,304,1057.529605263158
552,KROKOROK,,60,82,45,45,45,74,GROUND,DARK,172563,287923,324,888.6512345679013
553,KROOKODILE,,95,117,80,65,70,92,GROUND,DARK,218262,218515,394,554.6065989847716
554,DARUMAKA,,70,90,45,15,45,50,FIRE,,217894,287923,344,836.9854651162791
555,DARMANITAN,,105,140,55,30,55,95,FIRE,,294914,260487,414,629.195652173913
556,MARACTUS,,75,86,67,106,67,60,GRASS,,269261,233939,354,660.8446327683616
557,DWEBBLE,,50,65,85,35,35,55,BUG,ROCK,223477,272035,304,894.8519736842105
558,CRUSTLE,,70,105,125,65,75,45,BUG,ROCK,301251,190489,344,553.7470930232558
559,SCRAGGY,,50,75,70,35,70,48,DARK,FIGHTING,242830,228066,304,750.2171052631579
560,SCRAFTY,,65,90,115,45,115,58,DARK,FIGHTING,271839,166468,334,498.4071856287425
561,SIGILYPH,,72,58,80,103,80,97,PSYCHIC,FLYING,244643,210721,348,605.5201149425287
562,YAMASK,,38,30,85,55,65,30,GHOST,,121517,219773,280,784.9035714285715
563,COFAGRIGUS,,58,50,145,95,105,30,GHOST,,191495,159289,320,497.778125
564,TIRTOUGA,,54,78,103,53,45,22,WATER,ROCK,176367,243077,312,779.0929487179487
565,CARRACOSTA,,74,108,133,83,65,32,WATER,ROCK,220969,201438,352,572.2670454545455
566,ARCHEN,,55,90,43,54,43,70,ROCK,FLYING,272207,293921,314,936.0541401273886
567,ARCHEOPS,,75,120,65,60,65,110,ROCK,FLYING,329479,237987,354,672.2796610169491
568,TRUBBISH,,50,50,62,40,62,65,POISON,,215691,244270,304,803.5197368421053
569,GARBODOR,,80,95,82,60,82,75,POISON,,311279,207510,364,570.0824175824176
570,ZORUA,,40,65,40,80,40,65,DARK,,153847,303670,284,1069.2605633802816
571,ZOROARK,,60,105,60,120,60,105,DARK,,228945,248715,324,767.6388888888889
572,MINCCINO,,55,50,40,40,40,75,NORMAL,,182049,303670,314,967.1019108280254
573,CINCCINO,,75,95,60,65,60,115,NORMAL,,286412,248715,354,702.5847457627119
574,GOTHITA,,45,30,50,55,65,45,PSYCHIC,,166321,260414,294,885.7619047619048
575,GOTHORITA,,60,45,70,75,85,55,PSYCHIC,,197529,218692,324,674.9753086419753
576,GOTHITELLE,,70,55,95,95,110,65,PSYCHIC,,228965,182461,344,530.4098837209302
577,SOLOSIS,,45,30,40,105,50,20,PSYCHIC,,245522,292249,294,994.0442176870748
578,DUOSION,,65,40,50,125,60,30,PSYCHIC,,276775,263915,334,790.1646706586827
579,REUNICLUS,,110,65,75,125,85,30,PSYCHIC,,283338,212787,424,501.8561320754717
580,DUCKLETT,,62,44,50,44,50,55,WATER,FLYING,153347,273348,328,833.3780487804878
581,SWANNA,,75,87,63,87,63,98,WATER,FLYING,252495,242142,354,684.0169491525423
582,VANILLITE,,36,50,50,65,60,44,ICE,,217739,263915,276,956.213768115942
583,VANILLISH,,51,65,65,80,75,59,ICE,,249942,230684,306,753.8692810457517
584,VANILLUXE,,71,95,85,110,95,79,ICE,,314413,197588,346,571.0635838150289
585,DEERLING,,60,60,50,40,50,75,NORMAL,GRASS,202569,273348,324,843.6666666666666
586,SAWSBUCK,,80,100,70,60,70,95,NORMAL,GRASS,294093,228066,364,626.554945054945
587,EMOLGA,,55,75,60,75,60,103,ELECTRIC,FLYING,184315,248715,314,792.0859872611464
588,KARRABLAST,,50,75,45,40,45,60,BUG,,194902,287923,304,947.1151315789474
589,ESCAVALIER,,70,135,105,60,105,20,BUG,STEEL,289362,177070,344,514.7383720930233
590,FOONGUS,,69,55,45,55,55,15,GRASS,POISON,180174,277536,342,811.5087719298245
591,AMOONGUSS,,114,85,70,85,80,30,GRASS,POISON,232507,221336,432,512.3518518518518
592,FRILLISH,,55,40,50,65,85,40,WATER,GHOST,226814,251228,314,800.0891719745223
593,JELLICENT,,100,60,70,85,105,60,WATER,GHOST,265993,211308,404,523.039603960396
594,ALOMOMOLA,,165,75,80,40,45,65,WATER,,164755,251739,534,471.42134831460675
595,JOLTIK,,50,47,50,57,50,65,BUG,ELECTRIC,156415,273348,304,899.171052631579
596,GALVANTULA,,70,77,60,97,60,108,BUG,ELECTRIC,214803,248715,344,723.0087209302326
597,FERROSEED,,44,50,91,24,86,10,GRASS,STEEL,215374,197485,292,676.318493150685
598,FERROTHORN,,74,94,131,54,116,20,GRASS,STEEL,309699,158086,352,449.10795454545456
599,KLINK,,40,55,70,45,60,30,STEEL,,188247,237367,284,835.7992957746479
600,KLANG,,60,80,95,70,85,50,STEEL,,234074,195295,324,602.7623456790124
601,KLINKLANG,,60,100,115,70,85,90,STEEL,,259903,184502,324,569.4506172839506
602,TYNAMO,,35,55,40,45,40,60,ELECTRIC,,90954,303670,274,1108.2846715328467
603,EELEKTRIK,,65,85,70,75,70,40,ELECTRIC,,199972,228066,334,682.8323353293413
604,EELEKTROSS,,85,115,80,105,80,50,ELECTRIC,,250319,210721,374,563.4251336898395
605,ELGYEM,,55,55,55,85,55,30,PSYCHIC,,178397,260487,314,829.5764331210191
606,BEHEEYEM,,75,75,75,125,95,40,PSYCHIC,,275777,208207,354,588.1553672316384
607,LITWICK,,50,30,55,65,55,20,GHOST,FIRE,197028,260487,304,856.8651315789474
608,LAMPENT,,60,40,60,95,60,55,GHOST,FIRE,247661,248715,324,767.6388888888889
609,CHANDELURE,,60,55,90,145,90,80,GHOST,FIRE,332148,195802,324,604.3271604938271
610,AXEW,,46,87,60,30,40,57,DRAGON,,214017,275891,296,932.0641891891892
611,FRAXURE,,66,117,70,40,50,67,DRAGON,,259925,250161,336,744.5267857142857
612,HAXORUS,,76,147,90,60,70,97,DRAGON,,306368,211240,356,593.370786516854
613,CUBCHOO,,55,70,40,60,40,40,ICE,,167886,303670,314,967.1019108280254
614,BEARTIC,,95,130,80,70,80,50,ICE,,234920,210721,394,534.8248730964467
615,CRYOGONAL,,80,50,50,95,135,105,ICE,,226982,244989,364,673.0467032967033
616,SHELMET,,50,40,85,40,65,25,BUG,,110468,219773,304,722.9375
617,ACCELGOR,,80,70,40,100,60,145,BUG,,198798,284652,364,782.010989010989
618,STUNFISK,,109,66,84,81,99,32,GROUND,ELECTRIC,192152,196777,422,466.2962085308057
619,MIENFOO,,45,85,50,55,50,65,FIGHTING,,262938,273348,294,929.7551020408164
620,MIENSHAO,,65,125,60,95,60,105,FIGHTING,,340889,248715,334,744.6556886227545
621,DRUDDIGON,,77,120,90,60,90,48,DRAGON,,266249,195802,358,546.9329608938548
622,GOLETT,,59,74,50,35,50,35,GROUND,GHOST,213127,273348,322,848.9068322981367
623,GOLURK,,89,124,80,55,80,55,GROUND,GHOST,298550,210721,382,551.6256544502618
624,PAWNIARD,,45,85,70,40,40,60,DARK,STEEL,177584,267641,294,910.343537414966
625,BISHARP,,65,125,100,60,70,70,DARK,STEEL,233528,205549,334,615.4161676646706
626,BOUFFALANT,,95,110,95,40,95,55,NORMAL,,310034,189137,394,480.0431472081218
627,RUFFLET,,70,83,50,37,50,60,NORMAL,FLYING,207480,273348,344,794.6162790697674
628,BRAVIARY,,100,123,75,57,75,80,NORMAL,FLYING,336134,219050,404,542.2029702970297
629,VULLABY,,70,55,75,45,65,60,DARK,FLYING,164408,227562,344,661.5174418604652
630,MANDIBUZZ,,110,65,105,55,95,80,DARK,FLYING,210781,182416,424,430.22641509433964
631,HEATMOR,,85,97,66,105,66,65,FIRE,,270334,235938,374,630.8502673796792
632,DURANT,,58,109,112,48,48,109,BUG,STEEL,211673,234668,320,733.3375
633,DEINO,,52,65,50,45,50,38,DARK,DRAGON,185963,273348,308,887.4935064935065
634,ZWEILOUS,,72,85,70,65,70,58,DARK,DRAGON,219473,228066,348,655.3620689655172
635,HYDREIGON,,92,105,90,125,90,98,DARK,DRAGON,302354,195802,388,504.6443298969072
636,LARVESTA,,55,85,55,50,55,60,BUG,FIRE,214242,260487,314,829.5764331210191
637,VOLCARONA,,85,60,65,135,105,100,BUG,FIRE,315247,218838,374,585.1283422459893
638,COBALION,,91,90,129,90,72,108,STEEL,FIGHTING,262083,193012,386,500.03108808290153
639,TERRAKION,,91,129,90,72,90,108,ROCK,FIGHTING,279826,195802,386,507.25906735751295
640,VIRIZION,,91,90,72,90,129,108,GRASS,FIGHTING,249260,203959,386,528.3911917098445
641,TORNADUS,,79,115,70,125,80,111,FLYING,,257524,221336,362,611.4254143646409
642,THUNDURUS,,79,115,70,125,80,111,ELECTRIC,FLYING,257689,221336,362,611.4254143646409
643,RESHIRAM,,100,120,100,150,120,90,DRAGON,FIRE,344030,174999,404,433.16584158415844
644,ZEKROM,,100,150,120,120,100,90,DRAGON,ELECTRIC,345105,171580,404,424.7029702970297
645,LANDORUS,,89,125,90,115,80,101,GROUND,FLYING,375580,202476,382,530.041884816754
646,KYUREM,,125,130,90,130,90,95,DRAGON,ICE,316595,195802,454,431.2819383259912
647,KELDEO,,91,72,90,129,90,108,WATER,FIGHTING,282694,195802,386,507.25906735751295
648,MELOETTA,,100,77,77,128,128,90,NORMAL,PSYCHIC,351309,197051,404,487.75
649,GENESECT,,71,120,95,120,95,99,BUG,STEEL,373943,189137,346,546.6387283236994
650,CHESPIN,,56,61,65,48,45,38,GRASS,,182612,262472,316,830.6075949367089
651,QUILLADIN,,61,78,95,56,58,57,GRASS,,206862,222849,326,683.5858895705521
652,CHESNAUGHT,,88,107,122,74,75,64,GRASS,FIGHTING,309796,191375,380,503.61842105263156
653,FENNEKIN,,40,45,40,62,60,60,FIRE,,193528,284652,284,1002.2957746478874
654,BRAIXEN,,59,59,58,90,70,73,FIRE,,240201,243798,322,757.1366459627329
655,DELPHOX,,75,69,72,114,100,104,FIRE,PSYCHIC,322451,210083,354,593.4548022598871
656,FROAKIE,,41,56,40,62,44,71,WATER,,163579,298518,286,1043.7692307692307
657,FROGADIER,,54,63,52,83,56,97,WATER,,193162,264007,312,846.1762820512821
658,GRENINJA,,72,95,67,103,71,122,WATER,DARK,301319,230838,348,663.3275862068965
659,BUNNELBY,,38,36,38,32,36,57,NORMAL,,156620,313607,280,1120.025
660,DIGGERSBY,,85,56,77,50,77,78,NORMAL,GROUND,216573,215557,374,576.355614973262
661,FLETCHLING,,45,50,43,40,38,62,NORMAL,FLYING,159812,301191,294,1024.4591836734694
662,FLETCHINDER,,62,73,55,56,52,84,FIRE,FLYING,200751,263754,328,804.1280487804878
663,TALONFLAME,,78,81,71,74,69,126,FIRE,FLYING,222111,227847,360,632.9083333333333
664,SCATTERBUG,,38,35,40,27,25,35,BUG,,69033,333158,280,1189.85
665,SPEWPA,,45,22,60,27,30,29,BUG,,60168,298180,294,1014.2176870748299
666,VIVILLON,,80,52,50,90,50,89,BUG,FLYING,203248,273348,364,750.9560439560439
667,LITLEO,,62,50,58,73,54,72,FIRE,NORMAL,211793,257491,328,785.0335365853658
668,PYROAR,,86,68,72,109,66,106,FIRE,NORMAL,314514,229444,376,610.2234042553191
669,FLABEBE,,44,38,39,61,79,42,FAIRY,,139586,279418,292,956.9109589041096
670,FLOETTE,,54,45,47,75,98,52,FAIRY,,156964,255187,312,817.9070512820513
671,FLORGES,,78,65,68,112,154,75,FAIRY,,297397,208426,360,578.9611111111111
672,SKIDDO,,66,65,48,62,57,52,GRASS,,192547,270033,336,803.6696428571429
673,GOGOAT,,123,100,62,97,81,68,GRASS,,253400,231633,450,514.74
674,PANCHAM,,67,82,62,46,48,43,FIGHTING,,255972,260586,338,770.9644970414201
675,PANGORO,,95,124,78,69,71,58,FIGHTING,DARK,337406,219377,394,556.7944162436548
676,FURFROU,,75,80,60,65,90,102,NORMAL,,252451,231093,354,652.8050847457627
677,ESPURR,,62,48,54,63,60,68,PSYCHIC,,149974,257323,328,784.5213414634146
678,MEOWSTIC,,74,48,76,83,81,104,PSYCHIC,,176446,214057,352,608.1164772727273
679,HONEDGE,,45,80,100,35,37,28,STEEL,GHOST,161298,262927,294,894.3095238095239
680,DOUBLADE,,59,110,150,45,49,35,STEEL,GHOST,184884,228646,322,710.0807453416149
681,AEGISLASH,,60,50,140,50,140,60,STEEL,GHOST,185088,144951,324,447.3796296296296
682,SPRITZEE,,78,52,60,63,65,23,FAIRY,,149392,244451,360,679.0305555555556
683,AROMATISSE,,101,72,72,99,89,29,FAIRY,,198993,214344,406,527.9408866995074
684,SWIRLIX,,62,48,66,59,57,49,FAIRY,,145954,244797,328,746.3323170731708
685,SLURPUFF,,82,80,86,85,75,72,FAIRY,,185474,209405,368,569.0353260869565
686,INKAY,,53,54,53,37,46,45,DARK,PSYCHIC,143454,274070,310,884.0967741935484
687,MALAMAR,,86,92,88,68,75,73,DARK,PSYCHIC,196825,207931,376,553.0079787234042
688,BINACLE,,42,52,67,39,56,50,ROCK,WATER,135507,244923,288,850.4270833333334
689,BARBARACLE,,72,105,115,86,68,54,ROCK,WATER,223077,201761,348,579.7729885057471
690,SKRELP,,50,60,60,60,60,30,POISON,WATER,178934,248715,304,818.141447368421
691,DRAGALGE,,65,75,90,97,123,44,POISON,DRAGON,253473,183146,334,548.3413173652694
692,CLAUNCHER,,50,53,62,58,63,44,WATER,,160127,243398,304,800.6513157894736
693,CLAWITZER,,71,73,88,120,89,59,WATER,,246305,197980,346,572.1965317919075
694,HELIOPTILE,,44,38,33,61,43,70,ELECTRIC,NORMAL,161596,315993,292,1082.1678082191781
695,HELIOLISK,,62,55,52,109,94,109,ELECTRIC,NORMAL,313243,244729,328,746.125
696,TYRUNT,,58,89,77,45,45,48,ROCK,DRAGON,218854,253484,320,792.1375
697,TYRANTRUM,,82,121,119,69,59,71,ROCK,DRAGON,332170,213387,368,579.8559782608696
698,AMAURA,,77,59,50,67,63,46,ROCK,ICE,186641,261743,358,731.1256983240223
699,AURORUS,,123,77,72,99,92,58,ROCK,ICE,236018,213070,450,473.4888888888889
700,SYLVEON,,95,65,65,110,130,60,FAIRY,,211696,215085,394,545.9010152284264
701,HAWLUCHA,,78,92,75,74,63,118,FIGHTING,FLYING,277596,229625,360,637.8472222222222
702,DEDENNE,,67,58,57,81,67,101,ELECTRIC,FAIRY,191145,247296,338,731.6449704142012
703,CARBINK,,50,50,150,50,150,50,ROCK,FAIRY,216836,137758,304,453.1513157894737
704,GOOMY,,45,50,35,55,75,40,DRAGON,,183986,292048,294,993.3605442176871
705,SLIGGOO,,68,75,53,83,113,60,DRAGON,,231954,239740,340,705.1176470588235
706,GOODRA,,90,100,70,110,150,80,DRAGON,,278437,205332,384,534.71875
707,KLEFKI,,57,80,91,80,87,75,STEEL,FAIRY,240081,196870,318,619.0880503144654
708,PHANTUMP,,43,70,48,50,60,38,GHOST,GRASS,191594,267676,290,923.0206896551724
709,TREVENANT,,85,110,76,65,82,56,GHOST,GRASS,252676,213445,374,570.7085561497327
710,PUMPKABOO,,49,66,70,44,55,51,GHOST,GRASS,249347,243306,302,805.6490066225166
711,GOURGEIST,,65,90,122,58,75,84,GHOST,GRASS,300608,191375,334,572.9790419161677
712,BERGMITE,,55,69,85,32,35,28,ICE,,131100,272035,314,866.3535031847134
713,AVALUGG,,95,117,184,44,46,28,ICE,,216277,234389,394,594.8959390862944
714,NOIBAT,,40,30,35,45,40,55,FLYING,DRAGON,167465,314471,284,1107.2922535211267
715,NOIVERN,,85,70,80,97,80,123,FLYING,DRAGON,256623,210721,374,563.4251336898395
716,XERNEAS,,126,131,95,131,98,99,FAIRY,,250930,187575,456,411.3486842105263
717,YVELTAL,,126,131,95,131,98,99,DARK,FLYING,332922,187575,456,411.3486842105263
718,ZYGARDE,,108,100,121,81,95,95,DRAGON,GROUND,245362,174376,420,415.18095238095236
719,DIANCIE,,50,100,150,100,150,50,ROCK,FAIRY,324983,137758,304,453.1513157894737
720,HOOPA,,80,110,60,150,130,70,PSYCHIC,GHOST,315451,224133,364,615.75
721,VOLCANION,,80,110,120,130,90,70,FIRE,WATER,354749,178441,364,490.2225274725275
722,ROWLET,,68,55,55,50,50,42,GRASS,FLYING,197427,266134,340,782.7470588235294
723,DARTRIX,,78,75,75,70,70,52,GRASS,FLYING,234881,222971,360,619.3638888888889
724,DECIDUEYE,,78,107,75,100,100,70,GRASS,GHOST,301273,206323,360,573.1194444444444
725,LITTEN,,45,65,40,60,40,70,FIRE,,196588,303670,294,1032.891156462585
726,TORRACAT,,65,85,50,80,50,90,FIRE,,231492,273348,334,818.4071856287425
727,INCINEROAR,,95,115,90,80,90,60,FIRE,DARK,273039,195802,394,496.9593908629442
728,POPPLIO,,50,54,54,66,56,40,WATER,,169328,260940,304,858.3552631578947
729,BRIONNE,,60,69,69,91,81,50,WATER,,204883,222060,324,685.3703703703703
730,PRIMARINA,,80,74,74,126,116,60,WATER,FAIRY,345635,203286,364,558.478021978022
731,PIKIPEK,,35,75,30,30,30,65,NORMAL,FLYING,227594,341477,274,1246.2664233576643
732,TRUMBEAK,,55,85,50,40,50,75,NORMAL,FLYING,246190,273348,314,870.5350318471337
733,TOUCANNON,,80,120,75,75,75,60,NORMAL,FLYING,333049,219050,364,601.7857142857143
734,YUNGOOS,,48,70,30,30,30,45,NORMAL,,217727,341477,300,1138.2566666666667
735,GUMSHOOS,,88,110,60,55,60,45,NORMAL,,311746,248715,380,654.5131578947369
736,GRUBBIN,,47,62,45,55,45,46,BUG,,118390,287923,298,966.1845637583892
737,CHARJABUG,,57,82,95,55,75,36,BUG,ELECTRIC,164137,203383,318,639.569182389937
738,VIKAVOLT,,77,70,90,145,75,43,BUG,ELECTRIC,306896,206584,358,577.0502793296089
739,CRABRAWLER,,47,82,57,42,47,63,FIGHTING,,256342,267570,298,897.8859060402684
740,CRABOMINABLE,,97,132,77,62,67,43,FIGHTING,ICE,352557,223841,398,562.4145728643216
741,ORICORIO,,75,70,70,98,70,93,FIRE,FLYING,230758,228066,354,644.2542372881356
742,CUTIEFLY,,40,45,40,55,40,84,BUG,FAIRY,135209,303670,284,1069.2605633802816
743,RIBOMBEE,,60,55,60,95,70,124,BUG,FAIRY,190970,240797,324,743.2006172839506
744,ROCKRUFF,,45,65,40,30,40,60,ROCK,,149897,303670,294,1032.891156462585
745,LYCANROC,,75,115,65,55,65,112,ROCK,,214187,237987,354,672.2796610169491
746,WISHIWASHI,,45,20,20,25,25,40,WATER,,110528,380089,294,1292.8197278911564
747,MAREANIE,,50,53,62,43,52,45,POISON,WATER,164640,255083,304,839.0888157894736
748,TOXAPEX,,50,63,152,53,142,35,POISON,WATER,180583,139422,304,458.625
749,MUDBRAY,,70,100,70,45,55,45,GROUND,,195290,243306,344,707.2848837209302
750,MUDSDALE,,100,125,100,55,85,35,GROUND,,227434,192105,404,475.50742574257424
751,DEWPIDER,,38,40,52,40,72,27,WATER,BUG,132272,252668,280,902.3857142857142
752,ARAQUANID,,68,70,92,50,132,42,WATER,BUG,162156,179165,340,526.9558823529412
753,FOMANTIS,,40,55,35,50,35,35,GRASS,,172290,321489,284,1132.0035211267605
754,LURANTIS,,70,105,90,80,90,45,GRASS,,258804,195802,344,569.1918604651163
755,MORELULL,,40,35,55,65,75,15,GRASS,FAIRY,181872,245839,284,865.6302816901408
756,SHIINOTIC,,60,45,80,90,100,30,GRASS,FAIRY,220972,200577,324,619.0648148148148
757,SALANDIT,,48,44,40,71,40,77,POISON,FIRE,207938,303670,300,1012.2333333333333
758,SALAZZLE,,68,64,60,111,60,117,POISON,FIRE,275234,248715,340,731.5147058823529
759,STUFFUL,,70,75,50,45,50,50,NORMAL,FIGHTING,243288,273348,344,794.6162790697674
760,BEWEAR,,120,125,80,55,60,60,NORMAL,FIGHTING,339795,229009,444,515.7860360360361
761,BOUNSWEET,,42,30,38,30,38,32,GRASS,,137619,310493,288,1078.1006944444443
762,STEENEE,,52,40,48,40,48,62,GRASS,,155050,278987,308,905.8019480519481
763,TSAREENA,,72,120,98,50,98,72,GRASS,,275763,185289,348,532.4396551724138
764,COMFEY,,51,52,90,82,110,100,FAIRY,,173681,186919,306,610.8464052287582
765,ORANGURU,,90,60,80,90,110,60,NORMAL,PSYCHIC,278178,197253,384,513.6796875
766,PASSIMIAN,,100,120,90,40,60,80,FIGHTING,,329249,222630,404,551.0643564356436
767,WIMPOD,,25,35,40,20,30,80,BUG,WATER,93768,321228,254,1264.6771653543308
768,GOLISOPOD,,75,125,140,60,90,40,BUG,WATER,226551,171816,354,485.35593220338984
769,SANDYGAST,,55,55,80,70,45,15,GHOST,GROUND,157780,251739,314,801.7165605095541
770,PALOSSAND,,85,75,110,100,75,35,GHOST,GROUND,202738,195780,374,523.475935828877
771,PYUKUMUKU,,55,60,130,30,130,5,WATER,,86634,152765,314,486.5127388535032
772,TYPENULL,,95,95,95,95,95,59,NORMAL,,301205,189137,394,480.0431472081218
773,SILVALLY,,95,95,95,95,95,95,NORMAL,,467774,189137,394,480.0431472081218
774,MINIOR,,60,60,100,60,100,60,ROCK,FLYING,238491,182866,324,564.4012345679013
775,KOMALA,,65,115,65,75,95,65,NORMAL,,324121,221567,334,663.374251497006
776,TURTONATOR,,60,78,135,91,85,36,FIRE,DRAGON,293730,177560,324,548.0246913580247
777,TOGEDEMARU,,65,98,63,40,73,96,ELECTRIC,STEEL,250371,234603,334,702.4041916167664
778,MIMIKYU,,55,90,80,50,105,96,GHOST,FAIRY,182609,198817,314,633.1751592356688
779,BRUXISH,,68,105,70,70,70,92,WATER,PSYCHIC,244813,228066,340,670.7823529411764
780,DRAMPA,,78,60,85,135,91,36,NORMAL,DRAGON,363590,199580,360,554.3888888888889
781,DHELMISE,,70,131,100,86,90,40,GHOST,GRASS,295460,188607,344,548.2761627906976
782,JANGMOO,,45,55,65,45,45,45,DRAGON,,174288,262472,294,892.7619047619048
783,HAKAMOO,,55,75,90,65,70,65,DRAGON,FIGHTING,247152,211240,314,672.7388535031847
784,KOMMOO,,75,110,125,100,105,85,DRAGON,FIGHTING,316642,166359,354,469.9406779661017
785,TAPUKOKO,,70,115,85,95,75,130,ELECTRIC,FAIRY,225870,210188,344,611.0116279069767
786,TAPULELE,,70,85,75,130,115,95,PSYCHIC,FAIRY,283783,202137,344,587.6075581395348
787,TAPUBULU,,70,130,115,85,95,75,GRASS,FAIRY,283074,177107,344,514.8459302325581
788,TAPUFINI,,70,75,115,95,130,85,WATER,FAIRY,211751,161198,344,468.5988372093023
789,COSMOG,,43,29,31,29,31,37,PSYCHIC,,0,337312,290,1163.144827586207
790,COSMOEM,,43,29,131,131,37,37,PSYCHIC,,95845,259590,290,895.1379310344828
791,SOLGALEO,,137,137,107,113,89,97,PSYCHIC,STEEL,329740,185215,478,387.47907949790795
792,LUNALA,,137,113,89,137,107,97,PSYCHIC,GHOST,297673,188892,478,395.1715481171548
793,NIHILEGO,,109,53,47,127,131,103,ROCK,POISON,280315,252554,422,598.4691943127962
794,BUZZWOLE,,107,139,139,53,53,79,BUG,FIGHTING,365961,221057,418,528.8444976076555
795,PHEROMOSA,,71,137,37,137,37,151,BUG,FIGHTING,328260,314079,346,907.7427745664739
796,XURKITREE,,83,89,71,173,71,83,ELECTRIC,,350666,226236,370,611.4486486486486
797,CELESTEELA,,97,101,103,107,101,61,STEEL,FLYING,334561,180368,398,453.1859296482412
798,KARTANA,,59,181,131,59,31,109,GRASS,STEEL,372992,278058,322,863.5341614906832
799,GUZZLORD,,223,101,53,97,53,43,DARK,DRAGON,260691,265478,650,408.4276923076923
800,NECROZMA,,97,107,101,127,89,79,PSYCHIC,,370701,188659,398,474.0175879396985
801,MAGEARNA,,80,95,115,130,115,65,STEEL,FAIRY,343688,166468,364,457.3296703296703
802,MARSHADOW,,90,125,80,90,90,125,FIGHTING,GHOST,340425,204903,384,533.6015625
803,POIPOLE,,67,73,67,73,67,73,POISON,,195122,233939,338,692.1272189349113
804,NAGANADEL,,73,73,73,127,73,121,POISON,DRAGON,302304,222600,350,636.0
805,STAKATAKA,,61,131,211,53,101,13,ROCK,STEEL,305073,152302,326,467.18404907975463
806,BLACEPHALON,,53,127,53,151,79,107,FIRE,GHOST,413307,247516,310,798.4387096774194
807,ZERAORA,,88,112,75,102,80,143,ELECTRIC,,229891,215707,380,567.65
808,MELTAN,,46,65,65,55,35,34,STEEL,,193474,282071,296,952.9425675675676
809,MELMETAL,,135,143,143,80,65,34,STEEL,,334233,199893,474,421.7151898734177
810,GROOKEY,,50,65,50,40,40,65,GRASS,,190584,287285,304,945.016447368421
811,THWACKEY,,70,85,70,55,60,80,GRASS,,223210,237367,344,690.0203488372093
812,RILLABOOM,,100,125,90,60,70,85,GRASS,,286794,211240,404,522.8712871287129
813,SCORBUNNY,,50,71,40,40,40,69,FIRE,,192352,303670,304,998.9144736842105
814,RABOOT,,65,86,60,55,60,94,FIRE,,216890,248715,334,744.6556886227545
815,CINDERACE,,80,116,75,65,75,119,FIRE,,265768,219050,364,601.7857142857143
816,SOBBLE,,50,40,40,70,40,70,WATER,,174280,303670,304,998.9144736842105
817,DRIZZILE,,65,60,55,95,55,90,WATER,,209917,260487,334,779.9011976047905
818,INTELEON,,70,85,65,125,65,120,WATER,,343791,237987,344,691.8226744186046
819,SKWOVET,,70,55,55,35,35,25,NORMAL,,190979,290851,344,845.4970930232558
820,GREEDENT,,120,95,95,55,75,20,NORMAL,,284180,203383,444,458.0698198198198
821,ROOKIDEE,,38,47,35,33,35,57,FLYING,,176423,321489,280,1148.175
822,CORVISQUIRE,,68,67,55,43,55,77,FLYING,,213063,260487,340,766.1382352941176
823,CORVIKNIGHT,,98,87,105,53,85,67,FLYING,STEEL,251468,189287,400,473.2175
824,BLIPBUG,,25,20,20,25,45,45,BUG,,51432,358315,254,1410.6889763779527
825,DOTTLER,,50,35,80,50,90,30,BUG,PSYCHIC,158514,204903,304,674.0230263157895
826,ORBEETLE,,60,45,110,80,120,90,BUG,PSYCHIC,205511,167669,324,517.4969135802469
827,NICKIT,,40,28,28,52,47,50,DARK,,98876,326952,284,1151.2394366197184
828,THIEVUL,,70,58,58,92,87,90,DARK,,187462,235523,344,684.6598837209302
829,GOSSIFLEUR,,40,40,60,40,60,10,GRASS,,154480,248715,284,875.7570422535211
830,ELDEGOSS,,60,50,90,80,120,60,GRASS,,222324,183909,324,567.6203703703703
831,WOOLOO,,42,40,55,40,45,48,NORMAL,,141002,273021,288,947.9895833333334
832,DUBWOOL,,72,80,100,60,90,88,NORMAL,,259002,188607,348,541.9741379310345
833,CHEWTLE,,50,64,50,38,38,44,WATER,,136475,290723,304,956.3256578947369
834,DREDNAW,,90,115,90,48,68,74,WATER,ROCK,319741,213278,384,555.4114583333334
835,YAMPER,,59,45,50,40,50,26,ELECTRIC,,133706,273348,322,848.9068322981367
836,BOLTUND,,69,90,60,90,60,121,ELECTRIC,,208337,248715,342,727.2368421052631
837,ROLYCOLY,,30,40,50,40,50,30,ROCK,,195255,273348,264,1035.409090909091
838,CARKOL,,80,60,90,60,70,50,ROCK,FIRE,240085,211240,364,580.3296703296703
839,COALOSSAL,,110,80,120,80,90,30,ROCK,FIRE,283572,178441,424,420.85141509433964
840,APPLIN,,40,40,80,40,40,20,GRASS,DRAGON,154480,261910,284,922.2183098591549
841,FLAPPLE,,70,110,80,95,60,70,GRASS,DRAGON,264573,229009,344,665.7238372093024
842,APPLETUN,,110,85,80,100,80,30,GRASS,DRAGON,259842,210721,424,496.98349056603774
843,SILICOBRA,,52,57,75,35,50,46,GROUND,,140983,246305,308,799.6915584415584
844,SANDACONDA,,72,107,125,65,70,71,GROUND,,206107,196391,348,564.3419540229885
845,CRAMORANT,,70,85,55,85,95,85,FLYING,WATER,219170,238600,344,693.6046511627907
846,ARROKUDA,,41,63,40,40,30,66,WATER,,137144,321228,286,1123.1748251748252
847,BARRASKEWDA,,61,123,60,60,50,136,WATER,,225041,259976,326,797.4723926380368
848,TOXEL,,40,38,35,54,35,40,ELECTRIC,POISON,164531,321489,284,1132.0035211267605
849,TOXTRICITY,,75,98,70,114,70,75,ELECTRIC,POISON,265330,228066,354,644.2542372881356
850,SIZZLIPEDE,,50,65,45,50,50,45,FIRE,BUG,172092,282198,304,928.2828947368421
851,CENTISKORCH,,100,115,65,90,90,65,FIRE,BUG,267553,223340,404,552.8217821782179
852,CLOBBOPUS,,50,68,60,50,50,32,FIGHTING,,188957,259976,304,855.1842105263158
853,GRAPPLOCT,,80,118,90,70,80,42,FIGHTING,,263432,202476,364,556.2527472527472
854,SINISTEA,,40,45,45,74,54,50,GHOST,,143644,278384,284,980.2253521126761
855,POLTEAGEIST,,60,65,65,134,114,70,GHOST,,244323,217024,324,669.8271604938271
856,HATENNA,,42,30,45,56,53,39,PSYCHIC,,167817,279252,288,969.625
857,HATTREM,,57,40,65,86,73,49,PSYCHIC,,214525,231980,318,729.496855345912
858,HATTERENE,,57,90,95,136,103,29,PSYCHIC,FAIRY,293150,185260,318,582.5786163522013
859,IMPIDIMP,,45,45,30,55,40,50,DARK,FAIRY,123719,327395,294,1113.5884353741496
860,MORGREM,,65,60,45,75,55,70,DARK,FAIRY,143979,277536,334,830.9461077844311
861,GRIMMSNARL,,95,120,65,95,75,60,DARK,FAIRY,225484,230684,394,585.4923857868021
862,OBSTAGOON,,93,90,101,60,81,95,DARK,NORMAL,276271,194673,390,499.16153846153844
863,PERRSERKER,,70,110,100,50,60,50,STEEL,,214427,217769,344,633.0494186046511
864,CURSOLA,,60,95,50,145,130,30,GHOST,,268472,245202,324,756.7962962962963
865,SIRFETCHD,,62,135,95,68,82,65,FIGHTING,,358093,197519,328,602.1920731707318
866,MRRIME,,80,85,75,110,100,70,ICE,PSYCHIC,253162,206323,364,566.8214285714286
867,RUNERIGUS,,58,95,145,50,105,30,GROUND,GHOST,207563,159289,320,497.778125
868,MILCERY,,45,40,40,50,61,34,FAIRY,,115234,284034,294,966.1020408163265
869,ALCREMIE,,65,60,75,110,121,64,FAIRY,,211382,200949,334,601.6437125748503
870,FALINKS,,65,100,100,70,60,75,FIGHTING,,237827,217769,334,652.002994011976
871,PINCURCHIN,,48,101,95,91,85,15,ELECTRIC,,263448,195295,300,650.9833333333333
872,SNOM,,30,25,35,45,30,20,ICE,BUG,114099,330299,264,1251.1325757575758
873,FROSMOTH,,70,65,60,125,90,65,ICE,BUG,253101,231093,344,671.7819767441861
874,STONJOURNER,,100,125,135,20,20,70,ROCK,,300307,320713,404,793.8440594059406
875,EISCUE,,75,80,110,65,90,50,ICE,,178646,182966,354,516.8531073446328
876,INDEEDEE,,60,65,55,105,95,95,PSYCHIC,NORMAL,249332,238600,324,736.4197530864197
877,MORPEKO,,58,95,58,70,58,97,ELECTRIC,DARK,211709,253300,320,791.5625
878,CUFANT,,72,80,49,40,49,40,STEEL,,221782,276213,348,793.7155172413793
879,COPPERAJAH,,122,130,69,80,69,30,STEEL,,307408,230023,448,513.4441964285714
880,DRACOZOLT,,90,100,90,80,70,75,ELECTRIC,DRAGON,244859,211240,384,550.1041666666666
881,ARCTOZOLT,,90,100,90,90,80,55,ELECTRIC,ICE,211960,202476,384,527.28125
882,DRACOVISH,,90,90,100,70,80,75,WATER,DRAGON,227873,196068,384,510.59375
883,ARCTOVISH,,90,90,100,80,90,55,WATER,ICE,197211,188607,384,491.1640625
884,DURALUDON,,70,95,115,120,50,85,STEEL,DRAGON,315314,230085,344,668.8517441860465
885,DREEPY,,28,60,30,40,30,82,DRAGON,GHOST,154566,341477,260,1313.373076923077
886,DRAKLOAK,,68,80,50,60,50,102,DRAGON,GHOST,211070,273348,340,803.964705882353
887,DRAGAPULT,,88,120,75,100,75,142,DRAGON,GHOST,278587,219050,380,576.4473684210526
888,ZACIAN,,92,120,115,80,115,138,FAIRY,,222543,166468,388,429.0412371134021
889,ZAMAZENTA,,92,120,115,80,115,138,FIGHTING,,267917,166468,388,429.0412371134021
890,ETERNATUS,,140,85,95,145,95,130,POISON,DRAGON,408291,189137,484,390.7789256198347
891,KUBFU,,60,90,60,53,50,72,FIGHTING,,271530,259976,324,802.395061728395
892,URSHIFU,,100,130,100,63,60,97,FIGHTING,DARK,348625,217769,404,539.0321782178218
893,ZARUDE,,105,120,105,70,95,105,DARK,GRASS,278039,182416,414,440.6183574879227
894,REGIELEKI,,80,100,50,100,50,200,ELECTRIC,,324983,273348,364,750.9560439560439
895,REGIDRAGO,,200,100,50,100,50,80,DRAGON,,334401,273348,604,452.5629139072848
896,GLASTRIER,,100,145,130,65,110,30,ICE,,252677,161531,404,399.8292079207921
897,SPECTRIER,,100,65,60,145,80,130,GHOST,,255522,235206,404,582.1930693069307
898,CALYREX,,100,80,80,80,80,80,PSYCHIC,GRASS,231668,210721,404,521.5866336633663
899,WYRDEER,,103,105,72,105,75,65,NORMAL,PSYCHIC,321865,222221,410,542.0024390243902
900,KLEAVOR,,70,130,95,45,75,85,BUG,ROCK,233557,203383,344,591.2296511627907
901,URSALUNA,,130,140,105,45,80,50,NORMAL,GROUND,367895,193401,464,416.8125
902,BASCULEGION,,120,112,65,80,75,78,WATER,GHOST,254691,230684,444,519.5585585585585
903,SNEASLER,,80,130,60,40,80,120,FIGHTING,POISON,348422,235206,364,646.1703296703297
904,OVERQWIL,,85,115,95,65,65,85,DARK,POISON,353613,213769,374,571.5748663101605
905,ENAMORUS,,74,115,70,135,80,106,FAIRY,FLYING,356027,221336,352,628.7954545454545
906,SPRIGATITO,,40,61,54,45,45,65,GRASS,,164969,274260,284,965.7042253521126
907,FLORAGATO,,61,80,63,60,63,83,GRASS,,190872,242142,326,742.7668711656441
908,MEOWSCARADA,,76,110,70,81,70,123,GRASS,DARK,261101,228066,356,640.6348314606741
909,FUECOCO,,67,45,59,63,40,36,FIRE,,195294,276859,338,819.1094674556213
910,CROCALOR,,81,55,78,90,58,49,FIRE,,239860,232966,366,636.5191256830601
911,SKELEDIRGE,,104,75,100,110,75,66,FIRE,GHOST,314966,200520,412,486.6990291262136
912,QUAXLY,,55,65,45,50,45,50,WATER,,151952,287923,314,916.952229299363
913,QUAXWELL,,70,85,65,65,60,65,WATER,,175584,242642,344,705.3546511627907
914,QUAQUAVAL,,85,120,80,85,75,85,WATER,FIGHTING,282020,214339,374,573.0989304812834
915,LECHONK,,54,45,40,35,45,35,NORMAL,,149428,297423,312,953.2788461538462
916,OINKOLOGNE,,110,100,75,59,80,65,NORMAL,,293917,215707,424,508.7429245283019
917,TAROUNTULA,,35,41,45,29,40,20,BUG,,110856,294858,274,1076.1240875912408
918,SPIDOPS,,60,79,92,52,86,35,BUG,,168374,196729,324,607.1882716049382
919,NYMBLE,,33,46,40,21,25,45,BUG,,114523,333158,270,1233.9185185185186
920,LOKIX,,71,102,78,52,55,92,BUG,DARK,196755,236915,346,684.7254335260116
921,PAWMI,,45,50,20,40,25,60,ELECTRIC,,134858,380089,294,1292.8197278911564
922,PAWMO,,60,75,40,50,40,85,ELECTRIC,FIGHTING,243095,303670,324,937.2530864197531
923,PAWMOT,,70,115,70,70,60,105,ELECTRIC,FIGHTING,320300,237367,344,690.0203488372093
924,CLODSIRE,,130,75,60,45,100,20,POISON,GROUND,195456,228274,464,491.9698275862069
925,TANDEMAUS,,50,50,45,40,45,75,NORMAL,,157274,287923,304,947.1151315789474
926,MAUSHOLD,,74,75,70,65,75,111,NORMAL,,253299,224456,352,637.6590909090909
927,FIDOUGH,,37,55,70,30,55,65,FAIRY,,127748,243306,278,875.2014388489208
928,DACHSBUN,,57,80,115,50,80,95,FAIRY,,170617,188891,318,593.996855345912
929,SMOLIV,,41,35,45,58,51,30,GRASS,NORMAL,186184,281200,286,983.2167832167833
930,DOLLIV,,52,53,60,78,78,33,GRASS,NORMAL,220682,236189,308,766.8474025974026
931,ARBOLIVA,,78,69,90,125,109,39,GRASS,NORMAL,344798,187260,360,520.1666666666666
932,SQUAWKABILLY,,82,96,51,45,51,92,NORMAL,FLYING,284645,270706,368,735.6141304347826
933,NACLI,,55,55,75,35,35,25,ROCK,,145341,276089,314,879.2643312101911
934,NACLSTACK,,60,60,100,35,65,35,ROCK,,150083,211298,324,652.1543209876543
935,GARGANACL,,100,100,130,45,90,35,ROCK,,321639,174740,404,432.5247524752475
936,ANNIHILAPE,,110,115,80,50,90,90,FIGHTING,GHOST,319766,204903,424,483.2617924528302
937,CHARCADET,,40,50,40,50,40,35,FIRE,,176782,303670,284,1069.2605633802816
938,ARMAROUGE,,85,60,100,125,80,75,FIRE,PSYCHIC,298542,196068,374,524.2459893048128
939,CERULEDGE,,75,125,80,60,100,85,FIRE,GHOST,273559,200577,354,566.6016949152543
940,TADBULB,,61,31,41,59,35,45,ELECTRIC,,172476,309720,326,950.0613496932515
941,BELLIBOLT,,109,64,91,103,83,45,ELECTRIC,,241609,199520,422,472.7962085308057
942,WATTREL,,40,40,35,55,40,70,ELECTRIC,FLYING,157963,314471,284,1107.2922535211267
943,KILOWATTREL,,70,70,60,105,60,125,ELECTRIC,FLYING,228106,248715,344,723.0087209302326
944,DUDUNSPARCE,,125,100,80,85,75,55,NORMAL,,302082,214339,454,472.11233480176213
945,FARIGIRAF,,120,90,70,110,70,60,NORMAL,PSYCHIC,321372,228066,444,513.6621621621622
946,MASCHIFF,,60,78,60,40,51,51,DARK,,135077,258659,324,798.3302469135803
947,MABOSSTIFF,,80,120,90,60,70,85,DARK,,220349,211240,364,580.3296703296703
948,SHROODLE,,40,65,35,40,35,75,POISON,NORMAL,179921,321489,284,1132.0035211267605
949,GRAFAIAI,,63,95,65,80,72,110,POISON,NORMAL,281700,232665,330,705.0454545454545
950,BRAMBLIN,,40,65,30,45,35,60,GRASS,GHOST,185963,333627,284,1174.7429577464789
951,BRAMBLEGHAST,,55,115,70,80,70,90,GRASS,GHOST,263596,228066,314,726.3248407643312
952,TOEDSCOOL,,40,40,35,50,100,70,GROUND,GRASS,173929,288575,284,1016.1091549295775
953,TOEDSCRUEL,,80,70,65,80,120,100,GROUND,GRASS,226180,216148,364,593.8131868131868
954,KLAWF,,70,100,115,35,55,75,ROCK,,196312,220932,344,642.2441860465116
955,CAPSAKID,,50,62,40,62,40,50,GRASS,,191912,303670,304,998.9144736842105
956,SCOVILLAIN,,65,108,65,108,65,75,GRASS,FIRE,271779,237987,334,712.5359281437126
957,RELLOR,,41,50,60,31,58,30,BUG,,109385,250685,286,876.520979020979
958,RABSCA,,75,50,85,115,100,45,BUG,PSYCHIC,260053,195391,354,551.95197740113
959,FLITTLE,,30,35,30,55,30,75,PSYCHIC,,126214,341477,264,1293.4734848484848
960,ESPATHRA,,95,60,60,101,60,105,PSYCHIC,,198752,248715,394,631.256345177665
961,TINKATINK,,50,45,45,35,64,58,FAIRY,STEEL,157759,271128,304,891.8684210526316
962,TINKATUFF,,65,55,55,45,82,78,FAIRY,STEEL,176005,242645,334,726.4820359281437
963,TINKATON,,85,75,77,70,105,94,FAIRY,STEEL,265335,202204,374,540.6524064171123
964,WIGLETT,,10,55,25,35,25,95,WATER,,129082,364228,224,1626.017857142857
965,WUGTRIO,,35,100,50,50,70,120,WATER,,196051,257417,274,939.478102189781
966,BOMBIRDIER,,70,103,85,60,85,82,FLYING,DARK,277372,202982,344,590.0639534883721
967,FINIZEN,,70,45,40,45,40,75,WATER,,140160,303670,344,882.7616279069767
968,PALAFIN,,100,70,72,53,62,100,WATER,,190296,233353,404,577.6064356435644
969,VAROOM,,45,70,63,30,45,47,STEEL,POISON,208141,264300,294,898.9795918367347
970,REVAVROOM,,80,119,90,54,67,90,STEEL,POISON,291541,214382,364,588.9615384615385
971,CYCLIZAR,,70,95,65,85,65,121,DRAGON,NORMAL,294563,237987,344,691.8226744186046
972,ORTHWORM,,70,85,145,60,55,65,STEEL,,207081,216733,344,630.0377906976744
973,GLIMMET,,48,35,42,105,60,60,ROCK,POISON,246243,280047,300,933.49
974,GLIMMORA,,83,55,90,130,81,86,ROCK,POISON,286797,201718,370,545.1837837837838
975,GREAVARD,,50,61,60,30,55,34,GHOST,,159136,253860,304,835.0657894736842
976,HOUNDSTONE,,72,101,100,50,97,68,GHOST,,216053,184468,348,530.080459770115
977,FLAMIGO,,82,115,74,75,64,90,FLYING,FIGHTING,299379,229482,368,623.5923913043479
978,CETODDLE,,108,68,45,30,40,43,ICE,,135488,294858,420,702.0428571428571
979,CETITAN,,170,113,65,45,55,73,ICE,,211216,248196,544,456.24264705882354
980,KINGAMBIT,,100,135,120,60,85,50,DARK,STEEL,244537,182482,404,451.68811881188117
981,VELUZA,,90,102,73,78,65,70,WATER,PSYCHIC,205541,229409,384,597.4192708333334
982,DONDOZO,,150,100,115,65,65,35,WATER,,235351,205658,504,408.0515873015873
983,TATSUGIRI,,68,50,60,120,95,82,DRAGON,WATER,290025,229569,340,675.2029411764706
984,GREATTUSK,,115,131,131,53,53,87,GROUND,FIGHTING,280991,221898,434,511.2857142857143
985,SCREAMTAIL,,115,65,99,65,115,111,FAIRY,PSYCHIC,160056,177416,434,408.7926267281106
986,BRUTEBONNET,,111,127,99,79,99,55,GRASS,DARK,240643,184100,426,432.15962441314554
987,FLUTTERMANE,,55,55,55,135,135,135,GHOST,FAIRY,242353,233906,314,744.9235668789809
988,SLITHERWING,,85,135,79,85,105,81,BUG,FIGHTING,287898,199960,374,534.6524064171123
989,SANDYSHOCKS,,85,81,97,121,85,101,ELECTRIC,GROUND,269924,193941,374,518.5588235294117
990,IRONTREADS,,90,112,120,72,70,106,GROUND,STEEL,278143,197782,384,515.0572916666666
991,IRONBUNDLE,,56,80,114,124,60,136,ICE,WATER,252165,213059,316,674.2373417721519
992,IRONHANDS,,154,140,108,50,68,50,FIGHTING,ELECTRIC,367715,204288,512,399.0
993,IRONJUGULIS,,94,80,86,122,80,108,DARK,FLYING,249300,205504,392,524.2448979591836
994,IRONMOTH,,80,70,60,140,110,110,FIRE,POISON,323858,226281,364,621.6510989010989
995,IRONTHORNS,,100,134,110,70,84,72,ROCK,ELECTRIC,242484,187580,404,464.3069306930693
996,FRIGIBAX,,65,75,45,35,45,55,DRAGON,ICE,196956,287923,334,862.0449101796407
997,ARCTIBAX,,90,95,66,45,65,62,DRAGON,ICE,227588,236796,384,616.65625
998,BAXCALIBUR,,115,145,92,75,86,87,DRAGON,ICE,304949,196729,434,453.2926267281106
999,GIMMIGHOUL,,45,30,70,75,70,10,GHOST,,132622,228066,294,775.734693877551
1000,GHOLDENGO,,87,60,95,133,91,84,STEEL,GHOST,335586,191428,378,506.4232804232804
1001,WOCHIEN,,85,85,100,95,135,70,DARK,GRASS,253868,171133,374,457.5748663101604
1002,CHIENPAO,,80,120,80,90,65,135,DARK,ICE,228401,223420,364,613.7912087912088
1003,TINGLU,,155,110,125,55,80,45,DARK,GROUND,208816,185280,514,360.46692607003894
1004,CHIYU,,55,80,80,135,120,100,DARK,FIRE,315777,194778,314,620.312101910828
1005,ROARINGMOON,,105,139,71,55,101,119,DRAGON,DARK,294075,211103,414,509.91062801932367
1006,IRONVALIANT,,74,130,90,120,60,116,FAIRY,FIGHTING,293807,222630,352,632.4715909090909
1007,KORAIDON,,100,135,115,85,100,135,FIGHTING,DRAGON,359599,173944,404,430.55445544554453
1008,MIRAIDON,,100,85,100,135,115,135,ELECTRIC,DRAGON,316024,176603,404,437.13613861386136
1009,WALKINGWAKE,,99,83,91,125,83,109,WATER,DRAGON,299551,199520,402,496.318407960199
1010,IRONLEAVES,,90,130,88,70,108,104,GRASS,PSYCHIC,293237,189437,384,493.3255208333333
1011,DIPPLIN,,80,80,110,95,90,40,GRASS,DRAGON,251141,182966,364,502.65384615384613
1012,POLTCHAGEIST,,40,45,45,74,54,50,GRASS,GHOST,212500,278384,284,980.2253521126761
1013,SINISTCHA,,71,60,106,121,80,70,GRASS,GHOST,291630,192892,346,557.4913294797688
1014,OKIDOGI,,88,128,115,58,86,80,POISON,FIGHTING,344841,183686,380,483.38421052631577
1015,MUNKIDORI,,88,75,66,130,90,106,POISON,PSYCHIC,284433,221879,380,583.8921052631579
1016,FEZANDIPITI,,88,91,82,70,125,99,POISON,FAIRY,221411,191349,380,503.55
1017,OGERPON,,80,120,84,60,96,110,GRASS,,276687,198058,364,544.1153846153846
1018,ARCHALUDON,,90,105,130,125,65,85,STEEL,DRAGON,325517,202009,384,526.0651041666666
1019,HYDRAPPLE,,106,80,110,80,44,120,GRASS,DRAGON,229239,243756,416,585.9519230769231
1020,GOUGINGFIRE,,105,115,121,65,93,91,FIRE,DRAGON,259852,175765,414,424.55314009661834
1021,RAGINGBOLT,,125,73,91,137,89,75,ELECTRIC,DRAGON,318960,195595,454,430.8259911894273
1022,IRONBOULDER,,90,120,80,68,108,124,ROCK,PSYCHIC,225867,197847,384,515.2265625
1023,IRONCROWN,,90,72,100,122,108,98,STEEL,PSYCHIC,315661,179248,384,466.7916666666667
1024,TERAPAGOS,,90,65,85,65,85,60,NORMAL,,239349,202982,384,528.5989583333334
1025,PECHARUNT,,88,88,160,88,88,88,POISON,GHOST,219950,169531,380,446.13421052631577
3,VENUSAUR_1,Mega Venusaur,80,100,123,122,120,80,GRASS,POISON,339338,160031,364,439.6456043956044
6,CHARIZARD_1,Mega Charizard X,78,130,111,130,85,100,FIRE,DRAGON,357498,186275,360,517.4305555555555
6,CHARIZARD_2,Mega Charizard Y,78,104,78,159,115,100,FIRE,FLYING,410515,198339,360,550.9416666666667
9,BLASTOISE_1,Mega Blastoise,79,103,120,135,115,78,WATER,,364152,163738,362,452.31491712707185
15,BEEDRILL_1,Mega Beedrill,65,150,40,15,80,145,BUG,POISON,257772,276444,334,827.6766467065868
18,PIDGEOT_1,Mega Pidgeot,83,80,80,135,80,121,NORMAL,FLYING,364762,210721,370,569.5162162162162
19,RATTATA_1,Alolan,30,56,35,25,35,72,DARK,NORMAL,192503,321489,264,1217.7613636363637
20,RATICATE_1,Alolan,75,71,70,40,80,77,DARK,NORMAL,237770,221336,354,625.2429378531074
26,RAICHU_1,Alolan,60,85,50,95,85,110,ELECTRIC,PSYCHIC,236491,251228,324,775.395061728395
27,SANDSHREW_1,Alolan,50,75,90,10,35,40,ICE,STEEL,210832,270505,304,889.8190789473684
28,SANDSLASH_1,Alolan,75,100,120,25,65,65,ICE,STEEL,252623,204293,354,577.0988700564972
37,VULPIX_1,Alolan,38,41,40,50,65,65,ICE,,145755,281875,280,1006.6964285714286
38,NINETALES_1,Alolan,73,67,75,81,100,109,ICE,FAIRY,192188,206323,350,589.4942857142858
50,DIGLETT_1,Alolan,10,55,30,35,45,90,GROUND,STEEL,160644,322472,224,1439.607142857143
51,DUGTRIO_1,Alolan,35,100,60,50,70,110,GROUND,STEEL,204143,240797,274,878.8211678832117
52,MEOWTH_1,Alolan,40,35,35,50,40,90,DARK,,113085,314471,284,1107.2922535211267
52,MEOWTH_2,Galarian,50,65,55,40,40,40,STEEL,,171032,281134,304,924.7828947368421
53,PERSIAN_1,Alolan,65,60,60,75,65,115,DARK,,167734,244451,334,731.8892215568862
65,ALAKAZAM_1,Mega Alakazam,55,50,65,175,105,150,PSYCHIC,,353601,218838,314,696.9363057324841
74,GEODUDE_1,Alolan,40,80,100,30,30,20,ROCK,ELECTRIC,278774,283761,284,999.1584507042254
75,GRAVELER_1,Alolan,55,95,115,45,45,35,ROCK,ELECTRIC,310987,240856,314,767.0573248407643
76,GOLEM_1,Alolan,80,120,130,55,65,45,ROCK,ELECTRIC,364319,202009,364,554.9697802197802
77,PONYTA_1,Galarian,50,85,55,65,65,90,PSYCHIC,,183642,251876,304,828.5394736842105
78,RAPIDASH_1,Galarian,65,100,70,80,80,105,PSYCHIC,FAIRY,213786,221336,334,662.6826347305389
79,SLOWPOKE_1,Galarian,90,65,65,40,40,15,PSYCHIC,,145485,271423,384,706.8307291666666
80,SLOWBRO_1,Galarian,95,100,95,100,70,30,POISON,PSYCHIC,249878,208231,394,528.505076142132
80,SLOWBRO_2,Mega Slowbro,95,75,180,130,80,30,WATER,PSYCHIC,283568,176129,394,447.0279187817259
83,FARFETCHD_1,Galarian,52,95,55,58,62,55,FIGHTING,,225500,254147,308,825.1525974025974
88,GRIMER_1,Alolan,80,80,50,40,50,25,POISON,DARK,278897,273348,364,750.9560439560439
89,MUK_1,Alolan,105,105,75,65,100,50,POISON,DARK,332612,206323,414,498.3647342995169
94,GENGAR_1,Mega Gengar,60,65,80,170,95,130,GHOST,POISON,293593,202599,324,625.3055555555555
103,EXEGGUTOR_1,Alolan,95,105,85,125,75,45,GRASS,DRAGON,343957,210188,394,533.4720812182741
105,MAROWAK_1,Alolan,60,80,110,50,80,45,FIRE,GHOST,204181,191025,324,589.5833333333334
110,WEEZING_1,Galarian,65,90,120,85,70,60,POISON,FAIRY,302703,197782,334,592.1616766467066
115,KANGASKHAN_1,Mega Kangaskhan,105,125,100,60,100,100,NORMAL,,340215,182866,414,441.70531400966183
122,MRMIME_1,Galarian,50,65,65,90,90,100,ICE,PSYCHIC,221546,223340,304,734.671052631579
127,PINSIR_1,Mega Pinsir,65,155,120,65,90,105,BUG,FLYING,264525,178441,334,534.254491017964
130,GYARADOS_1,Mega Gyarados,95,155,109,70,130,81,WATER,FLYING,265455,165251,394,419.4187817258883
142,AERODACTYL_1,Mega Aerodactyl,80,135,85,70,95,150,ROCK,FLYING,334995,197588,364,542.8241758241758
144,ARTICUNO_1,Galarian,90,85,85,125,100,95,PSYCHIC,FLYING,277959,195391,384,508.8307291666667
145,ZAPDOS_1,Galarian,90,125,90,85,90,100,FIGHTING,FLYING,274108,195802,384,509.9010416666667
146,MOLTRES_1,Galarian,90,85,90,100,125,90,DARK,FLYING,252653,182660,384,475.6770833333333
150,MEWTWO_1,Mega Mewtwo X,106,190,100,154,100,130,PSYCHIC,FIGHTING,467259,182866,416,439.5817307692308
150,MEWTWO_2,Mega Mewtwo Y,106,150,70,194,120,140,PSYCHIC,,394294,208170,416,500.40865384615387
181,AMPHAROS_1,Mega Ampharos,90,95,105,165,110,45,ELECTRIC,DRAGON,339046,174862,384,455.3697916666667
199,SLOWKING_1,Galarian,95,65,80,110,110,30,POISON,PSYCHIC,253413,197253,394,500.6421319796954
208,STEELIX_1,Mega Steelix,75,125,230,55,95,30,STEEL,GROUND,375177,157134,354,443.8813559322034
212,SCIZOR_1,Mega Scizor,70,150,140,100,75,65,BUG,STEEL,286249,187045,344,543.7354651162791
214,HERACROSS_1,Mega Heracross,80,185,115,40,105,75,BUG,FIGHTING,454306,171168,364,470.24175824175825
222,CORSOLA_1,Galarian,60,55,100,65,100,30,GHOST,,181660,182866,324,564.4012345679013
229,HOUNDOOM_1,Mega Houndoom,75,90,90,140,90,115,DARK,FIRE,324625,195802,354,553.1129943502825
248,TYRANITAR_1,Mega Tyranitar,100,164,150,95,120,71,ROCK,DARK,278777,149241,404,369.40841584158414
254,SCEPTILE_1,Mega Sceptile,70,110,75,145,85,145,GRASS,DRAGON,384007,212787,344,618.5668604651163
257,BLAZIKEN_1,Mega Blaziken,80,160,80,130,80,100,FIRE,FIGHTING,418024,210721,364,578.9038461538462
260,SWAMPERT_1,Mega Swampert,100,150,110,95,110,70,WATER,GROUND,294142,171593,404,424.73514851485146
263,ZIGZAGOON_1,Galarian,38,30,41,30,41,60,DARK,NORMAL,127042,300322,280,1072.5785714285714
264,LINOONE_1,Galarian,78,70,61,50,61,100,DARK,NORMAL,238836,246445,360,684.5694444444445
282,GARDEVOIR_1,Mega Gardevoir,68,85,65,165,135,100,PSYCHIC,FAIRY,338147,214685,340,631.4264705882352
302,SABLEYE_1,Mega Sableye,50,85,125,85,115,20,DARK,GHOST,200468,161155,304,530.1151315789474
303,MAWILE_1,Mega Mawile,50,105,125,55,95,50,STEEL,FAIRY,210961,172731,304,568.1940789473684
306,AGGRON_1,Mega Aggron,70,140,230,60,80,50,STEEL,,320207,174105,344,506.11918604651163
308,MEDICHAM_1,Mega Medicham,60,100,85,80,85,100,FIGHTING,PSYCHIC,293121,202982,324,626.4876543209876
310,MANECTRIC_1,Mega Manectric,70,75,80,135,80,135,ELECTRIC,,267493,210721,344,612.5610465116279
319,SHARPEDO_1,Mega Sharpedo,70,140,70,110,65,105,WATER,DARK,256508,232360,344,675.4651162790698
323,CAMERUPT_1,Mega Camerupt,70,120,100,145,105,20,FIRE,GROUND,399712,180531,344,524.7994186046511
334,ALTARIA_1,Mega Altaria,75,110,110,110,105,80,DRAGON,FAIRY,281603,173959,354,491.409604519774
351,CASTFORM_1,Sunny Form,70,100,100,100,100,70,FIRE,,0,182866,344,531.5872093023256
351,CASTFORM_2,Rainy Form,70,100,100,100,100,70,WATER,,0,182866,344,531.5872093023256
351,CASTFORM_3,Snowy Form,70,100,100,100,100,70,ICE,,0,182866,344,531.5872093023256
351,CASTFORM_4,Windy Form,70,100,100,100,100,70,FLYING,,0,182866,344,531.5872093023256
354,BANETTE_1,Mega Banette,64,165,75,93,83,75,GHOST,,306533,213925,332,644.3524096385543
359,ABSOL_1,Mega Absol,65,150,60,115,60,115,DARK,,263797,248715,334,744.6556886227545
362,GLALIE_1,Mega Glalie,80,120,80,120,80,100,ICE,,366444,210721,364,578.9038461538462
373,SALAMENCE_1,Mega Salamence,95,145,130,120,90,120,DRAGON,FLYING,318125,174740,394,443.502538071066
376,METAGROSS_1,Mega Metagross,95,145,130,120,90,120,STEEL,PSYCHIC,422625,174740,394,443.502538071066
380,LATIAS_1,Mega Latias,80,100,120,140,150,110,DRAGON,PSYCHIC,325449,153106,364,420.6208791208791
381,LATIOS_1,Mega Latios,80,130,100,160,120,110,DRAGON,PSYCHIC,361312,174999,364,480.7664835164835
382,KYOGRE_1,Primal Kyogre,100,150,90,180,160,90,WATER,,451390,177619,404,439.6509900990099
383,GROUDON_1,Primal Groudon,100,180,160,150,90,90,GROUND,FIRE,404874,167578,404,414.7970297029703
384,RAYQUAZA_1,Mega Rayquaza,105,180,100,180,100,115,DRAGON,FLYING,403868,182866,414,441.70531400966183
386,DEOXYS_1,Attack Forme,50,180,20,180,20,150,PSYCHIC,,423195,390253,304,1283.7269736842106
386,DEOXYS_2,Defense Forme,50,70,160,70,160,90,PSYCHIC,,221817,131172,304,431.4868421052632
386,DEOXYS_3,Speed Forme,50,95,90,95,90,180,PSYCHIC,,267455,195802,304,644.0855263157895
413,WORMADAM_1,Sandy Cloak,60,79,105,59,85,36,BUG,GROUND,172147,189287,324,584.2191358024692
413,WORMADAM_2,Trash Cloak,60,69,95,69,95,36,BUG,STEEL,219892,189137,324,583.7561728395061
428,LOPUNNY_1,Mega Lopunny,65,136,94,54,96,135,NORMAL,FIGHTING,360582,189370,334,566.9760479041917
445,GARCHOMP_1,Mega Garchomp,108,170,115,120,95,92,DRAGON,GROUND,349524,177107,420,421.68333333333334
448,LUCARIO_1,Mega Lucario,70,145,88,140,70,112,FIGHTING,STEEL,392928,212514,344,617.7732558139535
460,ABOMASNOW_1,Mega Abomasnow,90,132,105,132,105,30,GRASS,ICE,319968,177070,384,461.1197916666667
475,GALLADE_1,Mega Gallade,68,165,95,65,115,110,PSYCHIC,FIGHTING,415949,180763,340,531.6558823529411
479,ROTOM_1,Heat Rotom,50,65,107,105,107,86,ELECTRIC,FIRE,264475,174805,304,575.016447368421
479,ROTOM_2,Wash Rotom,50,65,107,105,107,86,ELECTRIC,WATER,224345,174805,304,575.016447368421
479,ROTOM_3,Frost Rotom,50,65,107,105,107,86,ELECTRIC,ICE,224345,174805,304,575.016447368421
479,ROTOM_4,Fan Rotom,50,65,107,105,107,86,ELECTRIC,FLYING,224345,174805,304,575.016447368421
479,ROTOM_5,Mow Rotom,50,65,107,105,107,86,ELECTRIC,GRASS,264475,174805,304,575.016447368421
487,GIRATINA_1,Origin Forme,150,120,100,120,100,90,GHOST,DRAGON,299171,182866,504,362.82936507936506
492,SHAYMIN_1,Sky Forme,100,103,75,120,75,127,GRASS,FLYING,290933,219050,404,542.2029702970297
493,ARCEUS_1,Fighting Type,120,120,120,120,120,120,FIGHTING,,368107,161656,444,364.0900900900901
493,ARCEUS_2,Flying Type,120,120,120,120,120,120,FLYING,,366444,161656,444,364.0900900900901
493,ARCEUS_3,Poison Type,120,120,120,120,120,120,POISON,,365265,161656,444,364.0900900900901
493,ARCEUS_4,Ground Type,120,120,120,120,120,120,GROUND,,365265,161656,444,364.0900900900901
493,ARCEUS_5,Rock Type,120,120,120,120,120,120,ROCK,,368107,161656,444,364.0900900900901
493,ARCEUS_6,Bug Type,120,120,120,120,120,120,BUG,,365265,161656,444,364.0900900900901
493,ARCEUS_7,Ghost Type,120,120,120,120,120,120,GHOST,,365265,161656,444,364.0900900900901
493,ARCEUS_8,Steel Type,120,120,120,120,120,120,STEEL,,373943,161656,444,364.0900900900901
493,ARCEUS_10,Fire Type,120,120,120,120,120,120,FIRE,,370549,161656,444,364.0900900900901
493,ARCEUS_11,Water Type,120,120,120,120,120,120,WATER,,366444,161656,444,364.0900900900901
493,ARCEUS_12,Grass Type,120,120,120,120,120,120,GRASS,,370549,161656,444,364.0900900900901
493,ARCEUS_13,Electric Type,120,120,120,120,120,120,ELECTRIC,,366444,161656,444,364.0900900900901
493,ARCEUS_14,Psychic Type,120,120,120,120,120,120,PSYCHIC,,368107,161656,444,364.0900900900901
493,ARCEUS_15,Ice Type,120,120,120,120,120,120,ICE,,366444,161656,444,364.0900900900901
493,ARCEUS_16,Dragon Type,120,120,120,120,120,120,DRAGON,,370549,161656,444,364.0900900900901
493,ARCEUS_17,Dark Type,120,120,120,120,120,120,DARK,,365265,161656,444,364.0900900900901
493,ARCEUS_18,Fairy Type,120,120,120,120,120,120,FAIRY,,365303,161656,444,364.0900900900901
531,AUDINO_1,Mega Audino,103,60,126,80,126,50,NORMAL,,260238,156190,410,380.9512195121951
554,DARUMAKA_2,Galarian,70,90,45,15,45,50,ICE,,180989,287923,344,836.9854651162791
555,DARMANITAN_1,Zen Mode,105,30,105,140,105,55,FIRE,PSYCHIC,323522,177070,414,427.70531400966183
555,DARMANITAN_2,Galarian,105,140,55,40,55,95,ICE,,245124,260487,414,629.195652173913
555,DARMANITAN_3,Galarian Zen Mode,105,160,55,30,55,135,ICE,FIRE,325643,260487,414,629.195652173913
562,YAMASK_1,Galarian,38,55,85,30,65,30,GROUND,GHOST,151047,219773,280,784.9035714285715
618,STUNFISK_1,Galarian,109,81,99,66,84,32,GROUND,STEEL,216083,193503,422,458.5379146919431
641,TORNADUS_1,Therian Forme,79,100,80,110,90,121,FLYING,,235397,204903,362,566.0303867403314
642,THUNDURUS_1,Therian Forme,79,105,70,145,80,101,ELECTRIC,FLYING,283047,221336,362,611.4254143646409
645,LANDORUS_1,Therian Forme,89,145,90,105,80,91,GROUND,FLYING,417884,202476,382,530.041884816754
646,KYUREM_1,White Kyurem,125,120,90,170,100,95,DRAGON,ICE,404032,190759,454,420.1740088105727
646,KYUREM_2,Black Kyurem,125,170,100,120,90,95,DRAGON,ICE,401291,188607,454,415.43392070484583
646,KYUREM_3,,125,120,90,170,100,95,DRAGON,ICE,0,190759,454,420.1740088105727
646,KYUREM_4,,125,170,100,120,90,95,DRAGON,ICE,0,188607,454,415.43392070484583
648,MELOETTA_1,Pirouette Forme,100,128,90,77,77,128,NORMAL,FIGHTING,0,204837,404,507.0222772277228
658,GRENINJA_2,Ash-Greninja,72,145,67,153,71,132,WATER,DARK,399145,230838,348,663.3275862068965
670,FLOETTE_5,Eternal Flower,74,65,67,125,128,92,FAIRY,,320841,211896,352,601.9772727272727
681,AEGISLASH_1,Blade Forme,60,140,50,140,50,60,STEEL,GHOST,0,273348,324,843.6666666666666
710,PUMPKABOO_2,Large Size,54,66,70,44,55,46,GHOST,GRASS,249347,243306,312,779.8269230769231
710,PUMPKABOO_3,Super Size,59,66,70,44,55,41,GHOST,GRASS,249347,243306,322,755.6086956521739
711,GOURGEIST_2,Large Size,75,95,122,58,75,69,GHOST,GRASS,311219,191375,354,540.6073446327683
711,GOURGEIST_3,Super Size,85,100,122,58,75,54,GHOST,GRASS,321832,191375,374,511.69786096256684
718,ZYGARDE_1,10% Forme,54,100,71,61,85,115,DRAGON,GROUND,237876,217460,312,696.9871794871794
718,ZYGARDE_2,Complete Forme,216,100,121,91,95,85,DRAGON,GROUND,252785,174376,636,274.17610062893084
718,ZYGARDE_3,,216,100,121,91,95,85,DRAGON,GROUND,0,174376,636,274.17610062893084
719,DIANCIE_1,Mega Diancie,50,160,110,160,110,110,ROCK,FAIRY,454638,171593,304,564.4506578947369
720,HOOPA_1,Hoopa Unbound,80,160,60,170,130,80,PSYCHIC,DARK,349614,224133,364,615.75
741,ORICORIO_1,Pom-Pom Style,75,70,70,98,70,93,ELECTRIC,FLYING,230758,228066,354,644.2542372881356
741,ORICORIO_2,Pa'u Style,75,70,70,98,70,93,PSYCHIC,FLYING,230758,228066,354,644.2542372881356
741,ORICORIO_3,Sensu Style,75,70,70,98,70,93,GHOST,FLYING,230758,228066,354,644.2542372881356
745,LYCANROC_1,Midnight Form,85,115,75,55,75,82,ROCK,,214187,219050,374,585.6951871657755
745,LYCANROC_2,Dusk Form,75,117,65,55,65,110,ROCK,,216675,237987,354,672.2796610169491
746,WISHIWASHI_1,School Form,45,140,130,140,135,30,WATER,,0,151124,294,514.0272108843537
773,SILVALLY_1,Type: Fighting,95,95,95,95,95,95,FIGHTING,,311744,189137,394,480.0431472081218
773,SILVALLY_2,Type: Flying,95,95,95,95,95,95,FLYING,,311744,189137,394,480.0431472081218
773,SILVALLY_3,Type: Poison,95,95,95,95,95,95,POISON,,311744,189137,394,480.0431472081218
773,SILVALLY_4,Type: Ground,95,95,95,95,95,95,GROUND,,311744,189137,394,480.0431472081218
773,SILVALLY_5,Type: Rock,95,95,95,95,95,95,ROCK,,311744,189137,394,480.0431472081218
773,SILVALLY_6,Type: Bug,95,95,95,95,95,95,BUG,,311744,189137,394,480.0431472081218
773,SILVALLY_7,Type: Ghost,95,95,95,95,95,95,GHOST,,311744,189137,394,480.0431472081218
773,SILVALLY_8,Type: Steel,95,95,95,95,95,95,STEEL,,319114,189137,394,480.0431472081218
773,SILVALLY_10,Type: Fire,95,95,95,95,95,95,FIRE,,311744,189137,394,480.0431472081218
773,SILVALLY_11,Type: Water,95,95,95,95,95,95,WATER,,311744,189137,394,480.0431472081218
773,SILVALLY_12,Type: Grass,95,95,95,95,95,95,GRASS,,311744,189137,394,480.0431472081218
773,SILVALLY_13,Type: Electric,95,95,95,95,95,95,ELECTRIC,,311744,189137,394,480.0431472081218
773,SILVALLY_14,Type: Psychic,95,95,95,95,95,95,PSYCHIC,,311744,189137,394,480.0431472081218
773,SILVALLY_15,Type: Ice,95,95,95,95,95,95,ICE,,311744,189137,394,480.0431472081218
773,SILVALLY_16,Type: Dragon,95,95,95,95,95,95,DRAGON,,316259,189137,394,480.0431472081218
773,SILVALLY_17,Type: Dark,95,95,95,95,95,95,DARK,,311744,189137,394,480.0431472081218
773,SILVALLY_18,Type: Fairy,95,95,95,95,95,95,FAIRY,,311744,189137,394,480.0431472081218
774,MINIOR_7,Red Core,60,100,60,100,60,120,ROCK,FLYING,0,248715,324,767.6388888888889
774,MINIOR_8,Orange Core,60,100,60,100,60,120,ROCK,FLYING,0,248715,324,767.6388888888889
774,MINIOR_9,Yellow Core,60,100,60,100,60,120,ROCK,FLYING,0,248715,324,767.6388888888889
774,MINIOR_10,Green Core,60,100,60,100,60,120,ROCK,FLYING,0,248715,324,767.6388888888889
774,MINIOR_11,Blue Core,60,100,60,100,60,120,ROCK,FLYING,0,248715,324,767.6388888888889
774,MINIOR_12,Indigo Core,60,100,60,100,60,120,ROCK,FLYING,0,248715,324,767.6388888888889
774,MINIOR_13,Violet Core,60,100,60,100,60,120,ROCK,FLYING,0,248715,324,767.6388888888889
800,NECROZMA_1,Dusk Mane,97,157,127,113,109,77,PSYCHIC,STEEL,345178,163310,398,410.32663316582915
800,NECROZMA_2,Dawn Wings,97,113,109,157,127,77,PSYCHIC,GHOST,433206,166097,398,417.3291457286432
800,NECROZMA_3,Ultra Necrozma,97,167,97,167,97,129,PSYCHIC,DRAGON,457136,186551,398,468.7211055276382
800,NECROZMA_4,,97,167,97,167,97,129,PSYCHIC,DRAGON,457136,186551,398,468.7211055276382
875,EISCUE_1,Noice Face,75,80,70,65,50,130,ICE,,0,250161,354,706.6694915254237
876,INDEEDEE_1,Female,70,55,65,95,105,85,PSYCHIC,NORMAL,228817,218838,344,636.1569767441861
888,ZACIAN_1,Crowned Sword,92,150,115,80,115,148,FAIRY,STEEL,269618,166468,388,429.0412371134021
889,ZAMAZENTA_1,Crowned Shield,92,120,140,80,140,128,FIGHTING,STEEL,273690,144951,388,373.58505154639175
892,URSHIFU_1,Rapid Strike Style,100,130,100,63,60,97,FIGHTING,WATER,348625,217769,404,539.0321782178218
898,CALYREX_1,Ice Rider,100,165,150,85,130,50,PSYCHIC,ICE,334596,144660,404,358.0693069306931
