Pokémon,HP,Atk,Def,SpAtk,SpDef,Speed,Type,Type,Damage Dealt,Damage Taken,HP,Num KO
1,BULBASAUR,,45,49,49,65,65,45,GRASS,POISON,0,400,294,1.3605442176870748
2,IVYSAUR,,60,62,63,80,80,60,GRASS,POISON,0,355,324,1.095679012345679
3,VENUSAUR,,80,82,83,100,100,80,GRASS,POISON,0,308,364,0.8461538461538461
4,CHARMANDER,,39,52,43,60,50,65,FIRE,,0,382,282,1.3546099290780143
5,CHARMELEON,,58,64,58,80,65,80,FIRE,,0,333,320,1.040625
6,CHARIZARD,,78,84,78,109,85,100,FIRE,FLYING,0,456,360,1.2666666666666666
7,SQUIRTLE,,44,48,65,50,64,43,WATER,,0,335,292,1.1472602739726028
8,WARTORTLE,,59,63,80,65,80,58,WATER,,0,294,322,0.9130434782608695
9,BLASTOISE,,79,83,100,85,105,78,WATER,,0,247,362,0.6823204419889503
10,CATERPIE,,45,30,35,20,20,45,BUG,,0,546,294,1.8571428571428572
11,METAPOD,,50,20,55,25,25,30,BUG,,0,509,304,1.674342105263158
12,BUTTERFREE,,60,45,50,90,80,70,BUG,FLYING,0,512,324,1.5802469135802468
13,WEEDLE,,40,35,30,20,20,50,BUG,POISON,0,656,284,2.3098591549295775
14,KAKUNA,,45,25,50,25,25,35,BUG,POISON,0,612,294,2.0816326530612246
15,BEEDRILL,,65,90,40,45,80,75,BUG,POISON,0,396,334,1.18562874251497
16,PIDGEY,,40,45,40,35,35,56,NORMAL,FLYING,0,360,284,1.267605633802817
17,PIDGEOTTO,,63,60,55,50,50,71,NORMAL,FLYING,0,306,330,0.9272727272727272
18,PIDGEOT,,83,80,75,70,70,101,NORMAL,FLYING,0,256,370,0.6918918918918919
19,RATTATA,,30,56,35,25,35,72,NORMAL,,0,449,264,1.7007575757575757
20,RATICATE,,55,81,60,50,70,97,NORMAL,,0,348,314,1.10828025477707
21,SPEAROW,,40,60,30,31,31,70,NORMAL,FLYING,0,396,284,1.3943661971830985
22,FEAROW,,65,90,65,61,61,100,NORMAL,FLYING,0,276,334,0.8263473053892215
23,EKANS,,35,60,44,40,54,55,POISON,,0,442,274,1.6131386861313868
24,ARBOK,,60,95,69,65,79,80,POISON,,0,357,324,1.1018518518518519
25,PIKACHU,,35,55,40,50,50,90,ELECTRIC,,0,352,274,1.2846715328467153
26,RAICHU,,60,90,55,90,80,110,ELECTRIC,,0,302,324,0.9320987654320988
27,SANDSHREW,,50,75,85,20,30,40,GROUND,,0,477,304,1.569078947368421
28,SANDSLASH,,75,100,110,45,55,65,GROUND,,0,364,354,1.0282485875706215
29,NIDORANfE,,55,47,52,40,40,41,POISON,,0,511,314,1.627388535031847
30,NIDORINA,,70,62,67,55,55,56,POISON,,0,438,344,1.2732558139534884
31,NIDOQUEEN,,90,92,87,75,85,76,POISON,GROUND,0,342,384,0.890625
32,NIDORANmA,,46,57,40,40,40,50,POISON,,0,511,296,1.7263513513513513
33,NIDORINO,,61,72,57,55,55,65,POISON,,0,438,326,1.343558282208589
34,NIDOKING,,81,102,77,85,75,85,POISON,GROUND,0,369,366,1.0081967213114753
35,CLEFAIRY,,70,45,48,60,65,35,FAIRY,,0,338,344,0.9825581395348837
36,CLEFABLE,,95,70,73,95,90,60,FAIRY,,0,270,394,0.6852791878172588
37,VULPIX,,38,41,40,50,65,65,FIRE,,0,352,280,1.2571428571428571
38,NINETALES,,73,76,75,81,100,100,FIRE,,0,256,350,0.7314285714285714
39,JIGGLYPUFF,,115,45,20,45,25,20,NORMAL,FAIRY,0,475,434,1.0944700460829493
40,WIGGLYTUFF,,140,70,45,85,50,45,NORMAL,FAIRY,0,357,484,0.737603305785124
41,ZUBAT,,40,45,35,30,40,55,POISON,FLYING,0,511,284,1.7992957746478873
42,GOLBAT,,75,80,70,65,75,90,POISON,FLYING,0,369,354,1.0423728813559323
43,ODDISH,,45,50,55,75,65,30,GRASS,POISON,0,400,294,1.3605442176870748
44,GLOOM,,60,65,70,85,75,40,GRASS,POISON,0,369,324,1.1388888888888888
45,VILEPLUME,,75,80,85,110,90,50,GRASS,POISON,0,330,354,0.9322033898305084
46,PARAS,,35,70,55,45,55,25,BUG,GRASS,0,729,274,2.6605839416058394
47,PARASECT,,60,95,80,60,80,30,BUG,GRASS,0,589,324,1.8179012345679013
48,VENONAT,,60,55,50,40,55,45,BUG,POISON,0,438,324,1.3518518518518519
49,VENOMOTH,,70,65,60,90,75,90,BUG,POISON,0,369,344,1.072674418604651
50,DIGLETT,,10,55,25,35,45,95,GROUND,,0,425,224,1.8973214285714286
51,DUGTRIO,,35,100,50,50,70,120,GROUND,,0,319,274,1.1642335766423357
52,MEOWTH,,40,45,35,40,40,90,NORMAL,,0,449,284,1.5809859154929577
53,PERSIAN,,65,70,60,65,65,115,NORMAL,,0,348,334,1.0419161676646707
54,PSYDUCK,,50,52,48,65,50,55,WATER,,0,382,304,1.256578947368421
55,GOLDUCK,,80,82,78,95,80,85,WATER,,0,294,364,0.8076923076923077
56,MANKEY,,40,80,35,35,45,70,FIGHTING,,0,484,284,1.704225352112676
57,PRIMEAPE,,65,105,60,60,70,95,FIGHTING,,0,384,334,1.1497005988023952
58,GROWLITHE,,55,70,45,70,50,60,FIRE,,0,382,314,1.21656050955414
59,ARCANINE,,90,110,80,100,80,95,FIRE,,0,294,384,0.765625
60,POLIWAG,,40,50,40,40,40,90,WATER,,0,424,284,1.4929577464788732
61,POLIWHIRL,,65,65,65,50,50,90,WATER,,0,382,334,1.1437125748502994
62,POLIWRATH,,90,95,95,70,90,70,WATER,FIGHTING,0,330,384,0.859375
63,ABRA,,25,20,15,105,55,90,PSYCHIC,,0,488,254,1.921259842519685
64,KADABRA,,40,35,30,120,70,105,PSYCHIC,,0,396,284,1.3943661971830985
65,ALAKAZAM,,55,50,45,135,95,120,PSYCHIC,,0,334,314,1.0636942675159236
66,MACHOP,,70,80,50,35,35,35,FIGHTING,,0,541,344,1.572674418604651
67,MACHOKE,,80,100,70,50,60,45,FIGHTING,,0,418,364,1.1483516483516483
68,MACHAMP,,90,130,80,65,85,55,FIGHTING,,0,342,384,0.890625
69,BELLSPROUT,,50,75,35,70,30,40,GRASS,POISON,0,574,304,1.888157894736842
70,WEEPINBELL,,65,90,50,85,45,55,GRASS,POISON,0,484,334,1.4491017964071857
71,VICTREEBEL,,80,105,65,100,70,70,GRASS,POISON,0,384,364,1.054945054945055
72,TENTACOOL,,40,40,35,50,100,70,WATER,POISON,0,384,284,1.352112676056338
73,TENTACRUEL,,80,70,65,80,120,100,WATER,POISON,0,285,364,0.782967032967033
74,GEODUDE,,40,80,100,30,30,20,ROCK,GROUND,0,955,284,3.362676056338028
75,GRAVELER,,55,95,115,45,45,35,ROCK,GROUND,0,805,314,2.5636942675159236
76,GOLEM,,80,120,130,55,65,45,ROCK,GROUND,0,666,364,1.8296703296703296
77,PONYTA,,50,85,55,65,65,90,FIRE,,0,333,304,1.0953947368421053
78,RAPIDASH,,65,100,70,80,80,105,FIRE,,0,294,334,0.8802395209580839
79,SLOWPOKE,,90,65,65,40,40,15,WATER,PSYCHIC,0,424,384,1.1041666666666667
80,SLOWBRO,,95,75,110,100,80,30,WATER,PSYCHIC,0,294,394,0.7461928934010152
81,MAGNEMITE,,25,35,70,95,55,45,ELECTRIC,STEEL,0,440,254,1.7322834645669292
82,MAGNETON,,50,60,95,120,70,70,ELECTRIC,STEEL,0,386,304,1.269736842105263
83,FARFETCHD,,52,90,55,58,62,60,NORMAL,FLYING,0,302,308,0.9805194805194806
84,DODUO,,35,85,45,35,35,75,NORMAL,FLYING,0,360,274,1.313868613138686
85,DODRIO,,60,110,70,60,60,110,NORMAL,FLYING,0,279,324,0.8611111111111112
86,SEEL,,65,45,55,45,70,45,WATER,,0,319,334,0.9550898203592815
87,DEWGONG,,90,70,80,70,95,70,WATER,ICE,0,294,384,0.765625
88,GRIMER,,80,80,50,40,50,25,POISON,,0,460,364,1.2637362637362637
89,MUK,,105,105,75,65,100,50,POISON,,0,308,414,0.7439613526570048
90,SHELLDER,,30,65,100,45,25,40,WATER,,0,509,264,1.928030303030303
91,CLOYSTER,,50,95,180,85,45,70,WATER,ICE,0,402,304,1.3223684210526316
92,GASTLY,,30,35,30,100,35,80,GHOST,POISON,0,541,264,2.0492424242424243
93,HAUNTER,,45,50,45,115,55,95,GHOST,POISON,0,438,294,1.489795918367347
94,GENGAR,,60,65,60,130,75,110,GHOST,POISON,0,369,324,1.1388888888888888
95,ONIX,,35,45,160,30,45,70,ROCK,GROUND,0,805,274,2.937956204379562
96,DROWZEE,,60,48,45,43,90,42,PSYCHIC,,0,334,324,1.0308641975308641
97,HYPNO,,85,73,70,73,115,67,PSYCHIC,,0,264,374,0.7058823529411765
98,KRABBY,,30,105,90,25,25,50,WATER,,0,509,264,1.928030303030303
99,KINGLER,,55,130,115,50,50,75,WATER,,0,382,314,1.21656050955414
100,VOLTORB,,40,30,50,55,55,100,ELECTRIC,,0,317,284,1.1161971830985915
101,ELECTRODE,,60,50,70,80,80,150,ELECTRIC,,0,264,324,0.8148148148148148
102,EXEGGCUTE,,60,40,80,60,45,40,GRASS,PSYCHIC,0,486,324,1.5
103,EXEGGUTOR,,95,95,85,125,75,55,GRASS,PSYCHIC,0,456,394,1.1573604060913705
104,CUBONE,,50,50,95,40,50,35,GROUND,,0,382,304,1.256578947368421
105,MAROWAK,,60,80,110,50,80,45,GROUND,,0,294,324,0.9074074074074074
106,HITMONLEE,,50,120,53,35,110,87,FIGHTING,,0,347,304,1.1414473684210527
107,HITMONCHAN,,50,105,79,35,110,76,FIGHTING,,0,289,304,0.9506578947368421
108,LICKITUNG,,90,55,75,60,75,30,NORMAL,,0,306,384,0.796875
109,KOFFING,,40,65,95,60,45,35,POISON,,0,484,284,1.704225352112676
110,WEEZING,,65,90,120,85,70,60,POISON,,0,384,334,1.1497005988023952
111,RHYHORN,,80,85,95,30,30,25,GROUND,ROCK,0,955,364,2.6236263736263736
112,RHYDON,,105,130,120,45,45,40,GROUND,ROCK,0,805,414,1.9444444444444444
113,CHANSEY,,250,5,5,35,105,50,NORMAL,,0,695,704,0.9872159090909091
114,TANGELA,,65,55,115,100,40,60,GRASS,,0,424,334,1.2694610778443114
115,KANGASKHAN,,105,95,80,40,80,90,NORMAL,,0,294,414,0.7101449275362319
116,HORSEA,,30,40,70,70,25,60,WATER,,0,509,264,1.928030303030303
117,SEADRA,,55,65,95,95,45,85,WATER,,0,402,314,1.2802547770700636
118,GOLDEEN,,45,67,60,35,50,63,WATER,,0,382,294,1.2993197278911566
119,SEAKING,,80,92,65,65,80,68,WATER,,0,294,364,0.8076923076923077
120,STARYU,,30,45,55,70,55,85,WATER,,0,364,264,1.378787878787879
121,STARMIE,,60,75,85,100,85,115,WATER,PSYCHIC,0,284,324,0.8765432098765432
122,MRMIME,,40,45,65,100,120,90,PSYCHIC,FAIRY,0,289,284,1.017605633802817
123,SCYTHER,,70,110,80,55,80,105,BUG,FLYING,0,473,344,1.375
124,JYNX,,65,50,35,115,95,95,ICE,PSYCHIC,0,390,334,1.1676646706586826
125,ELECTABUZZ,,65,83,57,95,85,105,ELECTRIC,,0,296,334,0.8862275449101796
126,MAGMAR,,65,95,57,100,85,93,FIRE,,0,296,334,0.8862275449101796
127,PINSIR,,65,125,100,55,70,85,BUG,,0,319,334,0.9550898203592815
128,TAUROS,,75,100,95,40,70,110,NORMAL,,0,264,354,0.7457627118644068
129,MAGIKARP,,20,10,55,15,20,80,WATER,,0,546,244,2.237704918032787
130,GYARADOS,,95,125,79,60,100,81,WATER,FLYING,0,398,394,1.0101522842639594
131,LAPRAS,,130,85,80,85,95,60,WATER,ICE,0,294,464,0.6336206896551724
132,DITTO,,48,48,48,48,48,48,NORMAL,,0,390,300,1.3
133,EEVEE,,55,55,50,45,65,55,NORMAL,,0,382,314,1.21656050955414
134,VAPOREON,,130,65,60,110,95,65,WATER,,0,290,464,0.625
135,JOLTEON,,65,65,60,110,95,130,ELECTRIC,,0,288,334,0.8622754491017964
136,FLAREON,,65,130,60,95,110,65,FIRE,,0,288,334,0.8622754491017964
137,PORYGON,,65,60,70,85,75,40,NORMAL,,0,319,334,0.9550898203592815
138,OMANYTE,,35,40,100,90,55,35,ROCK,WATER,0,729,274,2.6605839416058394
139,OMASTAR,,70,60,125,115,70,55,ROCK,WATER,0,638,344,1.8546511627906976
140,KABUTO,,30,80,90,55,45,55,ROCK,WATER,0,805,264,3.0492424242424243
141,KABUTOPS,,60,115,105,65,70,80,ROCK,WATER,0,638,324,1.9691358024691359
142,AERODACTYL,,80,105,65,60,75,130,ROCK,FLYING,0,306,364,0.8406593406593407
143,SNORLAX,,160,110,65,65,110,30,NORMAL,,0,333,524,0.6354961832061069
144,ARTICUNO,,90,85,100,95,125,85,ICE,FLYING,0,353,384,0.9192708333333334
145,ZAPDOS,,90,90,85,125,90,100,ELECTRIC,FLYING,0,235,384,0.6119791666666666
146,MOLTRES,,90,100,90,125,85,90,FIRE,FLYING,0,456,384,1.1875
147,DRATINI,,41,64,45,50,50,50,DRAGON,,0,334,286,1.167832167832168
148,DRAGONAIR,,61,84,65,70,70,70,DRAGON,,0,277,326,0.8496932515337423
149,DRAGONITE,,91,134,95,100,100,80,DRAGON,FLYING,0,377,386,0.9766839378238342
150,MEWTWO,,106,110,90,154,90,130,PSYCHIC,,0,227,416,0.5456730769230769
151,MEW,,100,100,100,100,100,100,PSYCHIC,,449444,212,404,0.5247524752475248
152,CHIKORITA,,45,49,65,49,65,45,GRASS,,0,333,294,1.1326530612244898
153,BAYLEEF,,60,62,80,63,80,60,GRASS,,0,294,324,0.9074074074074074
154,MEGANIUM,,80,82,100,83,100,80,GRASS,,0,256,364,0.7032967032967034
155,CYNDAQUIL,,39,52,43,60,50,65,FIRE,,0,382,282,1.3546099290780143
156,QUILAVA,,58,64,58,80,65,80,FIRE,,0,333,320,1.040625
157,TYPHLOSION,,78,84,78,109,85,100,FIRE,,0,284,360,0.7888888888888889
158,TOTODILE,,50,65,64,44,48,43,WATER,,0,390,304,1.2828947368421053
159,CROCONAW,,65,80,80,59,63,58,WATER,,0,338,334,1.0119760479041917
160,FERALIGATR,,85,105,100,79,83,78,WATER,,0,288,374,0.7700534759358288
161,SENTRET,,35,46,34,35,45,20,NORMAL,,0,455,274,1.6605839416058394
162,FURRET,,85,76,64,45,55,90,NORMAL,,0,335,374,0.8957219251336899
163,HOOTHOOT,,60,30,30,36,56,50,NORMAL,FLYING,0,396,324,1.2222222222222223
164,NOCTOWL,,100,50,50,86,96,70,NORMAL,FLYING,0,317,404,0.7846534653465347
165,LEDYBA,,40,20,30,40,80,55,BUG,FLYING,0,639,284,2.25
166,LEDIAN,,55,35,50,85,110,85,BUG,FLYING,0,512,314,1.6305732484076434
167,SPINARAK,,40,60,40,40,40,30,BUG,POISON,0,511,284,1.7992957746478873
168,ARIADOS,,70,90,70,60,70,40,BUG,POISON,0,384,344,1.1162790697674418
169,CROBAT,,85,90,80,70,80,130,POISON,FLYING,0,355,374,0.9491978609625669
170,CHINCHOU,,75,38,38,56,56,67,WATER,ELECTRIC,0,362,354,1.0225988700564972
171,LANTURN,,125,58,58,76,76,67,WATER,ELECTRIC,0,304,454,0.6696035242290749
172,PICHU,,20,40,15,35,35,60,ELECTRIC,,0,488,244,2.0
173,CLEFFA,,50,25,28,45,55,15,FAIRY,,0,425,304,1.3980263157894737
174,IGGLYBUFF,,90,30,15,40,20,15,NORMAL,FAIRY,0,510,384,1.328125
175,TOGEPI,,35,20,65,40,65,20,FAIRY,,0,311,274,1.135036496350365
176,TOGETIC,,55,40,85,80,105,40,FAIRY,FLYING,0,246,314,0.7834394904458599
177,NATU,,40,50,45,70,45,70,PSYCHIC,FLYING,0,334,284,1.176056338028169
178,XATU,,65,75,70,95,70,95,PSYCHIC,FLYING,0,264,334,0.7904191616766467
179,MAREEP,,55,40,40,65,45,35,ELECTRIC,,0,352,314,1.1210191082802548
180,FLAAFFY,,70,55,55,80,60,45,ELECTRIC,,0,302,344,0.877906976744186
181,AMPHAROS,,90,75,85,115,90,55,ELECTRIC,,0,235,384,0.6119791666666666
182,BELLOSSOM,,75,80,95,90,100,50,GRASS,,0,256,354,0.7231638418079096
183,MARILL,,70,20,50,20,50,40,WATER,FAIRY,0,382,344,1.1104651162790697
184,AZUMARILL,,100,50,80,60,80,50,WATER,FAIRY,0,294,404,0.7277227722772277
185,SUDOWOODO,,70,100,115,30,65,30,ROCK,,0,333,344,0.9680232558139535
186,POLITOED,,90,75,75,90,100,70,WATER,,0,256,384,0.6666666666666666
187,HOPPIP,,35,35,40,35,55,50,GRASS,FLYING,0,536,274,1.9562043795620438
188,SKIPLOOM,,55,45,50,45,65,80,GRASS,FLYING,0,490,314,1.5605095541401275
189,JUMPLUFF,,75,55,70,55,95,110,GRASS,FLYING,0,390,354,1.1016949152542372
190,AIPOM,,55,70,55,40,55,85,NORMAL,,0,364,314,1.1592356687898089
191,SUNKERN,,30,30,30,30,30,30,GRASS,,0,477,264,1.8068181818181819
192,SUNFLORA,,75,75,55,105,85,30,GRASS,,0,340,354,0.96045197740113
193,YANMA,,65,65,45,75,45,95,BUG,FLYING,0,645,334,1.9311377245508983
194,WOOPER,,55,45,45,25,25,15,WATER,GROUND,0,1019,314,3.245222929936306
195,QUAGSIRE,,95,85,85,65,65,35,WATER,GROUND,0,666,394,1.6903553299492386
196,ESPEON,,65,65,60,130,95,110,PSYCHIC,,0,288,334,0.8622754491017964
197,UMBREON,,95,65,110,60,130,65,DARK,,0,240,394,0.6091370558375635
198,MURKROW,,60,85,42,85,42,91,DARK,FLYING,0,345,324,1.0648148148148149
199,SLOWKING,,95,75,80,100,110,30,WATER,PSYCHIC,0,246,394,0.6243654822335025
200,MISDREAVUS,,60,60,60,85,85,85,GHOST,,0,256,324,0.7901234567901234
201,UNOWN,,48,72,48,72,48,48,PSYCHIC,,0,324,300,1.08
202,WOBBUFFET,,190,33,58,33,58,33,PSYCHIC,,0,294,584,0.5034246575342466
203,GIRAFARIG,,70,80,65,90,65,85,NORMAL,PSYCHIC,0,276,344,0.8023255813953488
204,PINECO,,50,65,90,35,35,15,BUG,,0,449,304,1.4769736842105263
205,FORRETRESS,,75,90,140,60,60,40,BUG,STEEL,0,696,354,1.9661016949152543
206,DUNSPARCE,,100,70,70,65,65,45,NORMAL,,0,319,404,0.7896039603960396
207,GLIGAR,,65,75,105,35,65,85,GROUND,FLYING,0,490,334,1.467065868263473
208,STEELIX,,75,85,200,55,65,30,STEEL,GROUND,0,333,354,0.940677966101695
209,SNUBBULL,,60,80,50,40,40,30,FAIRY,,0,396,324,1.2222222222222223
210,GRANBULL,,90,120,75,60,60,45,FAIRY,,0,325,384,0.8463541666666666
211,QWILFISH,,65,95,85,55,55,85,WATER,POISON,0,438,334,1.311377245508982
212,SCIZOR,,70,130,100,55,80,65,BUG,STEEL,0,589,344,1.7122093023255813
213,SHUCKLE,,20,10,230,10,230,5,BUG,ROCK,0,138,244,0.5655737704918032
214,HERACROSS,,80,125,75,40,95,85,BUG,FIGHTING,0,572,364,1.5714285714285714
215,SNEASEL,,55,95,55,35,75,115,DARK,ICE,0,729,314,2.321656050955414
216,TEDDIURSA,,60,80,50,50,50,40,NORMAL,,0,382,324,1.1790123456790123
217,URSARING,,90,130,75,75,75,55,NORMAL,,0,306,384,0.796875
218,SLUGMA,,40,40,40,70,40,20,FIRE,,0,424,284,1.4929577464788732
219,MAGCARGO,,60,50,120,90,80,30,FIRE,ROCK,0,589,324,1.8179012345679013
220,SWINUB,,50,50,40,30,30,50,ICE,GROUND,0,477,304,1.569078947368421
221,PILOSWINE,,100,100,80,60,60,50,ICE,GROUND,0,348,404,0.8613861386138614
222,CORSOLA,,65,55,95,65,95,35,WATER,ROCK,0,529,334,1.5838323353293413
223,REMORAID,,35,65,35,65,35,65,WATER,,0,449,274,1.6386861313868613
224,OCTILLERY,,75,105,75,105,75,45,WATER,,0,306,354,0.864406779661017
225,DELIBIRD,,45,55,45,65,45,75,ICE,FLYING,0,645,294,2.193877551020408
226,MANTINE,,85,40,70,80,140,70,WATER,FLYING,0,428,374,1.1443850267379678
227,SKARMORY,,65,80,140,40,70,70,STEEL,FLYING,0,319,334,0.9550898203592815
228,HOUNDOUR,,45,60,30,80,50,65,DARK,FIRE,0,477,294,1.6224489795918366
229,HOUNDOOM,,75,90,50,110,80,95,DARK,FIRE,0,382,354,1.07909604519774
230,KINGDRA,,75,95,95,95,95,85,WATER,DRAGON,0,229,354,0.6468926553672316
231,PHANPY,,90,60,60,40,40,40,GROUND,,0,424,384,1.1041666666666667
232,DONPHAN,,90,120,120,60,60,50,GROUND,,0,348,384,0.90625
233,PORYGON2,,85,80,90,105,95,60,NORMAL,,0,274,374,0.732620320855615
234,STANTLER,,73,95,62,85,65,85,NORMAL,,0,341,350,0.9742857142857143
235,SMEARGLE,,55,20,35,20,45,75,NORMAL,,0,449,314,1.429936305732484
236,TYROGUE,,35,35,35,35,35,35,FIGHTING,,0,541,274,1.9744525547445255
237,HITMONTOP,,50,95,95,35,110,70,FIGHTING,,0,289,304,0.9506578947368421
238,SMOOCHUM,,45,30,15,85,65,65,ICE,PSYCHIC,0,510,294,1.7346938775510203
239,ELEKID,,45,63,37,65,55,95,ELECTRIC,,0,364,294,1.2380952380952381
240,MAGBY,,45,75,37,70,55,83,FIRE,,0,364,294,1.2380952380952381
241,MILTANK,,95,80,105,40,70,100,NORMAL,,0,256,394,0.649746192893401
242,BLISSEY,,255,10,10,75,135,55,NORMAL,,0,637,714,0.8921568627450981
243,RAIKOU,,90,85,75,115,100,115,ELECTRIC,,0,254,384,0.6614583333333334
244,ENTEI,,115,115,85,90,75,100,FIRE,,0,306,434,0.7050691244239631
245,SUICUNE,,100,75,115,90,115,85,WATER,,0,233,404,0.5767326732673267
246,LARVITAR,,50,64,50,45,50,41,ROCK,GROUND,0,765,304,2.5164473684210527
247,PUPITAR,,70,84,70,65,70,51,ROCK,GROUND,0,638,344,1.8546511627906976
248,TYRANITAR,,100,134,110,95,100,61,ROCK,DARK,0,480,404,1.188118811881188
249,LUGIA,,106,90,130,90,154,110,PSYCHIC,FLYING,0,176,416,0.4230769230769231
250,HOOH,,106,130,90,110,154,90,FIRE,FLYING,0,368,416,0.8846153846153846
251,CELEBI,,100,100,100,100,100,100,PSYCHIC,GRASS,0,411,404,1.0173267326732673
252,TREECKO,,40,45,35,65,55,70,GRASS,,0,420,284,1.4788732394366197
253,GROVYLE,,50,65,45,85,65,95,GRASS,,0,376,304,1.236842105263158
254,SCEPTILE,,70,85,65,105,85,120,GRASS,,0,311,344,0.9040697674418605
255,TORCHIC,,45,60,40,70,50,45,FIRE,,0,382,294,1.2993197278911566
256,COMBUSKEN,,60,85,60,85,60,55,FIRE,FIGHTING,0,418,324,1.2901234567901234
257,BLAZIKEN,,80,120,70,110,70,80,FIRE,FIGHTING,0,384,364,1.054945054945055
258,MUDKIP,,50,70,50,50,50,40,WATER,,0,382,304,1.256578947368421
259,MARSHTOMP,,70,85,70,60,70,50,WATER,GROUND,0,638,344,1.8546511627906976
260,SWAMPERT,,100,110,90,85,90,60,WATER,GROUND,0,548,404,1.3564356435643565
261,POOCHYENA,,35,55,35,30,30,35,DARK,,0,449,274,1.6386861313868613
262,MIGHTYENA,,70,90,70,60,60,70,DARK,,0,319,344,0.9273255813953488
263,ZIGZAGOON,,38,30,41,30,41,60,NORMAL,,0,420,280,1.5
264,LINOONE,,78,70,61,50,61,100,NORMAL,,0,344,360,0.9555555555555556
265,WURMPLE,,45,45,35,20,30,20,BUG,,0,477,294,1.6224489795918366
266,SILCOON,,50,35,55,25,25,15,BUG,,0,509,304,1.674342105263158
267,BEAUTIFLY,,60,70,50,100,50,65,BUG,FLYING,0,613,324,1.8919753086419753
268,CASCOON,,50,35,55,25,25,15,BUG,,0,509,304,1.674342105263158
269,DUSTOX,,60,50,70,50,90,65,BUG,POISON,0,330,324,1.0185185185185186
270,LOTAD,,40,30,30,40,50,30,WATER,GRASS,0,446,284,1.5704225352112675
271,LOMBRE,,60,50,50,60,70,50,WATER,GRASS,0,357,324,1.1018518518518519
272,LUDICOLO,,80,70,70,90,100,70,WATER,GRASS,0,298,364,0.8186813186813187
273,SEEDOT,,40,40,50,30,30,30,GRASS,,0,477,284,1.6795774647887325
274,NUZLEAF,,70,70,40,60,40,60,GRASS,DARK,0,681,344,1.9796511627906976
275,SHIFTRY,,90,100,60,90,60,80,GRASS,DARK,0,558,384,1.453125
276,TAILLOW,,40,55,30,30,30,85,NORMAL,FLYING,0,396,284,1.3943661971830985
277,SWELLOW,,60,85,60,75,50,125,NORMAL,FLYING,0,306,324,0.9444444444444444
278,WINGULL,,40,30,30,55,30,85,WATER,FLYING,0,703,284,2.4753521126760565
279,PELIPPER,,60,50,100,95,70,65,WATER,FLYING,0,470,324,1.4506172839506173
280,RALTS,,28,25,25,45,35,40,PSYCHIC,FAIRY,0,442,260,1.7
281,KIRLIA,,38,35,35,65,55,50,PSYCHIC,FAIRY,0,390,280,1.3928571428571428
282,GARDEVOIR,,68,65,65,125,115,80,PSYCHIC,FAIRY,0,289,340,0.85
283,SURSKIT,,40,30,32,50,52,65,BUG,WATER,0,435,284,1.5316901408450705
284,MASQUERAIN,,70,60,62,100,82,80,BUG,FLYING,0,466,344,1.3546511627906976
285,SHROOMISH,,60,40,60,40,60,35,GRASS,,0,348,324,1.0740740740740742
286,BRELOOM,,60,130,80,60,60,70,GRASS,FIGHTING,0,551,324,1.7006172839506173
287,SLAKOTH,,60,60,60,35,35,30,NORMAL,,0,360,324,1.1111111111111112
288,VIGOROTH,,80,80,80,55,55,90,NORMAL,,0,294,364,0.8076923076923077
289,SLAKING,,150,110,80,65,65,100,NORMAL,,0,294,504,0.5833333333333334
290,NINCADA,,31,45,90,30,30,40,BUG,GROUND,0,477,266,1.7932330827067668
291,NINJASK,,61,90,45,50,50,160,BUG,FLYING,0,613,326,1.8803680981595092
292,SHEDINJA,,1,90,45,30,30,40,BUG,GHOST,0,477,1,477.0
293,WHISMUR,,64,51,23,51,23,28,NORMAL,,0,523,332,1.5753012048192772
294,LOUDRED,,84,71,43,71,43,48,NORMAL,,0,411,372,1.1048387096774193
295,EXPLOUD,,104,91,63,91,73,68,NORMAL,,0,338,412,0.8203883495145631
296,MAKUHITA,,72,60,30,20,30,25,FIGHTING,,0,574,348,1.6494252873563218
297,HARIYAMA,,144,120,60,40,60,50,FIGHTING,,0,418,492,0.8495934959349594
298,AZURILL,,50,20,40,20,40,20,NORMAL,FAIRY,0,396,304,1.3026315789473684
299,NOSEPASS,,30,45,135,45,90,30,ROCK,,0,274,264,1.0378787878787878
300,SKITTY,,50,60,45,35,35,60,NORMAL,,0,402,304,1.3223684210526316
301,DELCATTY,,70,85,65,55,55,90,NORMAL,,0,333,344,0.9680232558139535
302,SABLEYE,,50,75,75,65,65,50,DARK,GHOST,0,223,304,0.7335526315789473
303,MAWILE,,50,85,85,55,55,50,STEEL,FAIRY,0,364,304,1.1973684210526316
304,ARON,,50,70,100,40,40,30,STEEL,ROCK,0,681,304,2.2401315789473686
305,LAIRON,,60,90,140,50,50,40,STEEL,ROCK,0,613,324,1.8919753086419753
306,AGGRON,,70,110,180,60,60,50,STEEL,ROCK,0,558,344,1.622093023255814
307,MEDITITE,,30,40,55,40,55,60,FIGHTING,PSYCHIC,0,340,264,1.2878787878787878
308,MEDICHAM,,60,60,75,60,75,80,FIGHTING,PSYCHIC,0,286,324,0.8827160493827161
309,ELECTRIKE,,40,45,40,65,40,65,ELECTRIC,,0,352,284,1.2394366197183098
310,MANECTRIC,,70,75,60,105,60,105,ELECTRIC,,0,288,344,0.8372093023255814
311,PLUSLE,,60,50,40,85,75,95,ELECTRIC,,0,352,324,1.0864197530864197
312,MINUN,,60,40,50,75,85,95,ELECTRIC,,0,317,324,0.9783950617283951
313,VOLBEAT,,65,73,75,47,85,85,BUG,,0,286,334,0.8562874251497006
314,ILLUMISE,,65,47,75,73,85,85,BUG,,0,286,334,0.8562874251497006
315,ROSELIA,,50,60,45,100,80,65,GRASS,POISON,0,376,304,1.236842105263158
316,GULPIN,,70,43,53,43,53,40,POISON,,0,447,344,1.2994186046511629
317,SWALOT,,100,73,83,73,83,55,POISON,,0,347,404,0.8589108910891089
318,CARVANHA,,45,90,20,65,20,65,WATER,DARK,0,546,294,1.8571428571428572
319,SHARPEDO,,70,120,40,95,40,95,WATER,DARK,0,424,344,1.2325581395348837
320,WAILMER,,130,70,35,70,35,60,WATER,,0,449,464,0.9676724137931034
321,WAILORD,,170,90,45,90,45,60,WATER,,0,402,544,0.7389705882352942
322,NUMEL,,60,60,40,65,45,35,FIRE,GROUND,0,805,324,2.484567901234568
323,CAMERUPT,,70,100,70,105,75,40,FIRE,GROUND,0,613,344,1.7819767441860466
324,TORKOAL,,70,85,140,85,70,20,FIRE,,0,319,344,0.9273255813953488
325,SPOINK,,60,25,35,70,80,60,PSYCHIC,,0,373,324,1.1512345679012346
326,GRUMPIG,,80,45,65,90,110,80,PSYCHIC,,0,276,364,0.7582417582417582
327,SPINDA,,60,60,60,60,60,60,NORMAL,,0,348,324,1.0740740740740742
328,TRAPINCH,,45,100,45,45,45,10,GROUND,,0,402,294,1.3673469387755102
329,VIBRAVA,,50,70,50,50,50,70,GROUND,DRAGON,0,563,304,1.8519736842105263
330,FLYGON,,80,100,80,80,80,100,GROUND,DRAGON,0,434,364,1.1923076923076923
331,CACNEA,,50,85,40,85,40,35,GRASS,,0,424,304,1.394736842105263
332,CACTURNE,,70,115,60,115,60,55,GRASS,DARK,0,558,344,1.622093023255814
333,SWABLU,,45,40,60,40,75,50,NORMAL,FLYING,0,288,294,0.9795918367346939
334,ALTARIA,,75,70,90,70,105,80,DRAGON,FLYING,0,365,354,1.0310734463276836
335,ZANGOOSE,,73,115,60,60,60,90,NORMAL,,0,348,350,0.9942857142857143
336,SEVIPER,,73,100,60,100,60,65,POISON,,0,418,350,1.1942857142857144
337,LUNATONE,,90,55,65,95,85,70,ROCK,PSYCHIC,0,289,384,0.7526041666666666
338,SOLROCK,,90,95,85,55,65,70,ROCK,PSYCHIC,0,333,384,0.8671875
339,BARBOACH,,50,48,43,46,41,60,WATER,GROUND,0,840,304,2.763157894736842
340,WHISCASH,,110,78,73,76,71,60,WATER,GROUND,0,633,424,1.4929245283018868
341,CORPHISH,,43,80,65,50,35,35,WATER,,0,449,290,1.5482758620689656
342,CRAWDAUNT,,63,120,85,90,55,55,WATER,DARK,0,364,330,1.103030303030303
343,BALTOY,,40,40,55,40,70,55,GROUND,PSYCHIC,0,319,284,1.1232394366197183
344,CLAYDOL,,60,70,105,70,120,75,GROUND,PSYCHIC,0,226,324,0.6975308641975309
345,LILEEP,,66,41,77,61,87,23,ROCK,GRASS,0,301,336,0.8958333333333334
346,CRADILY,,86,81,97,81,107,43,ROCK,GRASS,0,261,376,0.6941489361702128
347,ANORITH,,45,95,50,40,50,75,ROCK,BUG,0,382,294,1.2993197278911566
348,ARMALDO,,75,125,100,70,80,45,ROCK,BUG,0,294,354,0.8305084745762712
349,FEEBAS,,20,15,20,10,55,80,WATER,,0,455,244,1.8647540983606556
350,MILOTIC,,95,60,79,100,125,81,WATER,,0,248,394,0.6294416243654822
351,CASTFORM,,70,70,70,70,70,70,NORMAL,,0,319,344,0.9273255813953488
352,KECLEON,,60,90,70,60,120,40,NORMAL,,0,319,324,0.9845679012345679
353,SHUPPET,,44,75,35,63,33,45,GHOST,,0,330,292,1.13013698630137
354,BANETTE,,64,115,65,83,63,65,GHOST,,0,245,332,0.7379518072289156
355,DUSKULL,,20,40,90,30,90,25,GHOST,,0,202,244,0.8278688524590164
356,DUSCLOPS,,40,70,130,60,130,25,GHOST,,0,157,284,0.5528169014084507
357,TROPIUS,,99,108,83,72,87,51,GRASS,FLYING,0,412,402,1.0248756218905473
358,CHIMECHO,,75,50,80,95,90,65,PSYCHIC,,0,244,354,0.6892655367231638
359,ABSOL,,65,130,60,75,60,75,DARK,,0,348,334,1.0419161676646707
360,WYNAUT,,95,23,48,23,48,23,PSYCHIC,,0,324,394,0.8223350253807107
361,SNORUNT,,50,50,50,50,50,50,ICE,,0,382,304,1.256578947368421
362,GLALIE,,80,80,80,80,80,80,ICE,,0,294,364,0.8076923076923077
363,SPHEAL,,70,40,50,55,50,25,ICE,WATER,0,382,344,1.1104651162790697
364,SEALEO,,90,60,70,75,70,45,ICE,WATER,0,319,384,0.8307291666666666
365,WALREIN,,110,80,90,95,90,65,ICE,WATER,0,274,424,0.6462264150943396
366,CLAMPERL,,35,64,85,74,55,32,WATER,,0,364,274,1.3284671532846715
367,HUNTAIL,,55,104,105,94,75,52,WATER,,0,306,314,0.9745222929936306
368,GOREBYSS,,55,84,105,114,75,52,WATER,,0,306,314,0.9745222929936306
369,RELICANTH,,100,90,130,45,65,55,WATER,ROCK,0,666,404,1.6485148514851484
370,LUVDISC,,43,30,55,50,65,97,WATER,,0,333,290,1.1482758620689655
371,BAGON,,45,75,60,40,30,50,DRAGON,,0,414,294,1.4081632653061225
372,SHELGON,,65,95,100,60,50,50,DRAGON,,0,332,334,0.9940119760479041
373,SALAMENCE,,95,135,80,110,80,100,DRAGON,FLYING,0,434,394,1.101522842639594
374,BELDUM,,40,55,80,35,60,30,STEEL,PSYCHIC,0,348,284,1.2253521126760563
375,METANG,,60,75,100,55,80,50,STEEL,PSYCHIC,0,294,324,0.9074074074074074
376,METAGROSS,,80,135,130,95,90,70,STEEL,PSYCHIC,0,274,364,0.7527472527472527
377,REGIROCK,,80,100,200,50,100,50,ROCK,,0,256,364,0.7032967032967034
378,REGICE,,80,50,100,100,200,50,ICE,,0,256,364,0.7032967032967034
379,REGISTEEL,,80,75,150,75,150,50,STEEL,,0,192,364,0.5274725274725275
380,LATIAS,,80,80,90,110,130,110,DRAGON,PSYCHIC,0,227,364,0.6236263736263736
381,LATIOS,,80,90,80,130,110,110,DRAGON,PSYCHIC,0,244,364,0.6703296703296703
382,KYOGRE,,100,100,90,150,140,90,WATER,,0,229,404,0.5668316831683168
383,GROUDON,,100,150,140,100,90,90,GROUND,,0,274,404,0.6782178217821783
384,RAYQUAZA,,105,150,90,150,90,95,DRAGON,FLYING,0,404,414,0.9758454106280193
385,JIRACHI,,100,100,100,100,100,100,STEEL,PSYCHIC,0,256,404,0.6336633663366337
386,DEOXYS,,50,150,50,150,50,150,PSYCHIC,,0,317,304,1.042763157894737
387,TURTWIG,,55,68,64,45,55,31,GRASS,,0,364,314,1.1592356687898089
388,GROTLE,,75,89,85,55,65,36,GRASS,,0,333,354,0.940677966101695
389,TORTERRA,,95,109,105,75,85,56,GRASS,GROUND,0,418,394,1.0609137055837563
390,CHIMCHAR,,44,58,44,58,44,61,FIRE,,0,406,292,1.3904109589041096
391,MONFERNO,,64,78,52,78,52,81,FIRE,FIGHTING,0,451,332,1.358433734939759
392,INFERNAPE,,76,104,71,104,71,108,FIRE,FIGHTING,0,381,356,1.0702247191011236
393,PIPLUP,,53,51,53,61,56,40,WATER,,0,361,310,1.164516129032258
394,PRINPLUP,,64,66,68,81,76,50,WATER,,0,304,332,0.9156626506024096
395,EMPOLEON,,84,86,88,111,101,60,WATER,STEEL,0,277,372,0.7446236559139785
396,STARLY,,40,55,30,30,30,60,NORMAL,FLYING,0,396,284,1.3943661971830985
397,STARAVIA,,55,75,50,40,40,80,NORMAL,FLYING,0,340,314,1.0828025477707006
398,STARAPTOR,,85,120,70,50,60,100,NORMAL,FLYING,0,279,374,0.7459893048128342
399,BIDOOF,,59,45,40,35,40,31,NORMAL,,0,424,322,1.3167701863354038
400,BIBAREL,,79,85,60,55,60,71,NORMAL,WATER,0,348,362,0.9613259668508287
401,KRICKETOT,,37,25,41,25,41,25,BUG,,0,420,278,1.5107913669064748
402,KRICKETUNE,,77,85,51,55,51,65,BUG,,0,378,358,1.0558659217877095
403,SHINX,,45,65,34,40,34,45,ELECTRIC,,0,377,294,1.282312925170068
404,LUXIO,,60,85,49,60,49,60,ELECTRIC,,0,320,324,0.9876543209876543
405,LUXRAY,,80,120,79,95,79,70,ELECTRIC,,0,246,364,0.6758241758241759
406,BUDEW,,40,30,35,50,70,55,GRASS,POISON,0,420,284,1.4788732394366197
407,ROSERADE,,60,70,65,125,105,90,GRASS,POISON,0,311,324,0.9598765432098766
408,CRANIDOS,,67,125,40,30,30,58,ROCK,,0,477,338,1.4112426035502958
409,RAMPARDOS,,97,165,60,65,50,58,ROCK,,0,382,398,0.9597989949748744
410,SHIELDON,,30,42,118,42,88,30,ROCK,STEEL,0,457,264,1.731060606060606
411,BASTIODON,,60,52,168,47,138,30,ROCK,STEEL,0,354,324,1.0925925925925926
412,BURMY,,40,29,45,29,45,36,BUG,,0,402,284,1.4154929577464788
413,WORMADAM,,60,59,85,79,105,36,BUG,GRASS,0,530,324,1.6358024691358024
414,MOTHIM,,70,94,50,94,50,66,BUG,FLYING,0,613,344,1.7819767441860466
415,COMBEE,,30,30,42,30,42,70,BUG,FLYING,0,666,264,2.522727272727273
416,VESPIQUEN,,70,80,102,80,102,40,BUG,FLYING,0,405,344,1.177325581395349
417,PACHIRISU,,60,45,70,45,90,95,ELECTRIC,,0,264,324,0.8148148148148148
418,BUIZEL,,55,65,35,60,30,85,WATER,,0,477,314,1.519108280254777
419,FLOATZEL,,85,105,55,85,50,115,WATER,,0,382,374,1.0213903743315509
420,CHERUBI,,45,35,45,62,53,35,GRASS,,0,376,294,1.2789115646258504
421,CHERRIM,,70,60,70,87,78,85,GRASS,,0,299,344,0.8691860465116279
422,SHELLOS,,76,48,48,57,62,34,WATER,,0,341,356,0.9578651685393258
423,GASTRODON,,111,83,68,92,82,39,WATER,GROUND,0,580,426,1.3615023474178405
424,AMBIPOM,,75,100,66,60,66,115,NORMAL,,0,330,354,0.9322033898305084
425,DRIFLOON,,90,50,34,60,44,70,GHOST,FLYING,0,334,384,0.8697916666666666
426,DRIFBLIM,,150,80,44,90,54,80,GHOST,FLYING,0,299,504,0.5932539682539683
427,BUNEARY,,55,66,44,44,56,85,NORMAL,,0,406,314,1.2929936305732483
428,LOPUNNY,,65,76,84,54,96,105,NORMAL,,0,286,334,0.8562874251497006
429,MISMAGIUS,,60,60,60,105,105,105,GHOST,,0,256,324,0.7901234567901234
430,HONCHKROW,,100,125,52,105,52,71,DARK,FLYING,0,311,404,0.7698019801980198
431,GLAMEOW,,49,55,42,42,37,85,NORMAL,,0,415,302,1.3741721854304636
432,PURUGLY,,71,82,64,64,59,112,NORMAL,,0,335,346,0.9682080924855492
433,CHINGLING,,45,30,50,65,50,45,PSYCHIC,,0,317,294,1.0782312925170068
434,STUNKY,,63,63,47,41,41,74,POISON,DARK,0,327,330,0.990909090909091
435,SKUNTANK,,103,93,67,71,61,84,POISON,DARK,0,271,410,0.6609756097560976
436,BRONZOR,,57,24,86,24,86,23,STEEL,PSYCHIC,0,282,318,0.8867924528301887
437,BRONZONG,,67,89,116,79,116,33,STEEL,PSYCHIC,0,231,338,0.6834319526627219
438,BONSLY,,50,80,95,10,45,10,ROCK,,0,402,304,1.3223684210526316
439,MIMEJR,,20,25,45,70,90,60,PSYCHIC,FAIRY,0,349,244,1.430327868852459
440,HAPPINY,,100,5,5,15,65,30,NORMAL,,0,695,404,1.7202970297029703
441,CHATOT,,76,65,45,92,42,91,NORMAL,FLYING,0,334,356,0.9382022471910112
442,SPIRITOMB,,50,92,108,92,108,35,GHOST,DARK,0,163,304,0.5361842105263158
443,GIBLE,,58,70,45,40,45,42,DRAGON,GROUND,0,592,320,1.85
444,GABITE,,68,90,65,50,55,82,DRAGON,GROUND,0,536,340,1.576470588235294
445,GARCHOMP,,108,130,95,80,85,102,DRAGON,GROUND,0,418,420,0.9952380952380953
446,MUNCHLAX,,135,85,40,40,85,5,NORMAL,,0,424,474,0.8945147679324894
447,RIOLU,,40,70,40,35,40,60,FIGHTING,,0,511,284,1.7992957746478873
448,LUCARIO,,70,110,70,115,70,90,FIGHTING,STEEL,0,319,344,0.9273255813953488
449,HIPPOPOTAS,,68,72,78,38,42,32,GROUND,,0,415,340,1.2205882352941178
450,HIPPOWDON,,108,112,118,68,72,47,GROUND,,0,314,420,0.7476190476190476
451,SKORUPI,,40,50,90,30,55,65,POISON,BUG,0,438,284,1.5422535211267605
452,DRAPION,,70,90,110,60,75,95,POISON,DARK,0,198,344,0.5755813953488372
453,CROAGUNK,,48,61,40,61,40,50,POISON,FIGHTING,0,1022,300,3.4066666666666667
454,TOXICROAK,,83,106,65,86,65,85,POISON,FIGHTING,0,801,370,2.1648648648648647
455,CARNIVINE,,74,100,72,90,72,46,GRASS,,0,314,352,0.8920454545454546
456,FINNEON,,49,49,56,49,61,66,WATER,,0,344,302,1.1390728476821192
457,LUMINEON,,69,69,76,69,86,91,WATER,,0,282,342,0.8245614035087719
458,MANTYKE,,45,20,50,60,120,50,WATER,FLYING,0,512,294,1.7414965986394557
459,SNOVER,,60,62,50,62,60,40,GRASS,ICE,0,696,324,2.1481481481481484
460,ABOMASNOW,,90,92,75,92,85,60,GRASS,ICE,0,568,384,1.4791666666666667
461,WEAVILE,,70,120,65,45,85,125,DARK,ICE,0,666,344,1.936046511627907
462,MAGNEZONE,,70,70,115,130,90,60,ELECTRIC,STEEL,0,332,344,0.9651162790697675
463,LICKILICKY,,110,85,95,80,95,50,NORMAL,,0,264,424,0.6226415094339622
464,RHYPERIOR,,115,140,130,55,55,40,GROUND,ROCK,0,729,434,1.6797235023041475
465,TANGROWTH,,100,100,125,110,50,50,GRASS,,0,382,404,0.9455445544554455
466,ELECTIVIRE,,75,123,67,95,85,95,ELECTRIC,,0,271,354,0.7655367231638418
467,MAGMORTAR,,75,95,67,125,95,83,FIRE,,0,271,354,0.7655367231638418
468,TOGEKISS,,85,50,95,120,115,80,FAIRY,FLYING,0,229,374,0.6122994652406417
469,YANMEGA,,86,76,86,116,56,95,BUG,FLYING,0,579,376,1.5398936170212767
470,LEAFEON,,65,110,130,60,65,95,GRASS,,0,333,334,0.9970059880239521
471,GLACEON,,65,60,110,130,95,65,ICE,,0,264,334,0.7904191616766467
472,GLISCOR,,75,95,125,45,75,95,GROUND,FLYING,0,451,354,1.2740112994350283
473,MAMOSWINE,,110,130,80,70,60,80,ICE,GROUND,0,348,424,0.8207547169811321
474,PORYGONZ,,85,80,70,135,75,90,NORMAL,,0,319,374,0.8529411764705882
475,GALLADE,,68,125,65,65,115,80,PSYCHIC,FIGHTING,0,311,340,0.9147058823529411
476,PROBOPASS,,60,55,145,75,150,40,ROCK,STEEL,0,395,324,1.2191358024691359
477,DUSKNOIR,,45,100,135,65,135,45,GHOST,,0,153,294,0.5204081632653061
478,FROSLASS,,70,80,70,80,70,110,ICE,GHOST,0,319,344,0.9273255813953488
479,ROTOM,,50,50,77,95,77,91,ELECTRIC,GHOST,0,222,304,0.7302631578947368
480,UXIE,,75,75,130,75,130,95,PSYCHIC,,0,176,354,0.4971751412429379
481,MESPRIT,,80,105,105,105,105,80,PSYCHIC,,0,205,364,0.5631868131868132
482,AZELF,,75,125,70,125,70,115,PSYCHIC,,0,264,354,0.7457627118644068
483,DIALGA,,100,120,120,150,100,90,STEEL,DRAGON,0,226,404,0.5594059405940595
484,PALKIA,,90,120,100,150,120,100,WATER,DRAGON,0,212,384,0.5520833333333334
485,HEATRAN,,91,90,106,130,106,77,FIRE,STEEL,0,331,386,0.8575129533678757
486,REGIGIGAS,,110,160,110,80,110,100,NORMAL,,0,240,424,0.5660377358490566
487,GIRATINA,,150,100,120,100,120,90,GHOST,DRAGON,0,196,504,0.3888888888888889
488,CRESSELIA,,120,70,110,75,120,85,PSYCHIC,,0,198,444,0.44594594594594594
489,PHIONE,,80,80,80,80,80,80,WATER,,0,294,364,0.8076923076923077
490,MANAPHY,,100,100,100,100,100,100,WATER,,0,256,404,0.6336633663366337
491,DARKRAI,,70,90,90,135,90,125,DARK,,0,274,344,0.7965116279069767
492,SHAYMIN,,100,100,100,100,100,100,GRASS,,0,256,404,0.6336633663366337
493,ARCEUS,,120,120,120,120,120,120,NORMAL,,0,226,444,0.509009009009009
494,VICTINI,,100,100,100,100,100,100,PSYCHIC,FIRE,0,256,404,0.6336633663366337
495,SNIVY,,45,45,55,45,55,63,GRASS,,0,364,294,1.2380952380952381
496,SERVINE,,60,60,75,60,75,83,GRASS,,0,306,324,0.9444444444444444
497,SERPERIOR,,75,75,95,75,95,113,GRASS,,0,264,354,0.7457627118644068
498,TEPIG,,65,63,45,45,45,45,FIRE,,0,402,334,1.2035928143712575
499,PIGNITE,,90,93,55,70,55,55,FIRE,FIGHTING,0,438,384,1.140625
500,EMBOAR,,110,123,65,100,65,65,FIRE,FIGHTING,0,400,424,0.9433962264150944
501,OSHAWOTT,,55,55,45,63,45,45,WATER,,0,402,314,1.2802547770700636
502,DEWOTT,,75,75,60,83,60,60,WATER,,0,348,354,0.9830508474576272
503,SAMUROTT,,95,100,85,108,70,70,WATER,,0,319,394,0.8096446700507615
504,PATRAT,,45,55,39,35,39,42,NORMAL,,0,429,294,1.4591836734693877
505,WATCHOG,,60,85,69,60,69,77,NORMAL,,0,321,324,0.9907407407407407
506,LILLIPUP,,45,60,45,25,45,55,NORMAL,,0,402,294,1.3673469387755102
507,HERDIER,,65,80,65,35,65,60,NORMAL,,0,333,334,0.9970059880239521
508,STOUTLAND,,85,110,90,45,90,80,NORMAL,,0,274,374,0.732620320855615
509,PURRLOIN,,41,50,37,50,37,66,DARK,,0,439,286,1.534965034965035
510,LIEPARD,,64,88,50,88,50,106,DARK,,0,382,332,1.1506024096385543
511,PANSAGE,,50,53,48,53,48,64,GRASS,,0,390,304,1.2828947368421053
512,SIMISAGE,,75,98,63,98,63,101,GRASS,,0,338,354,0.9548022598870056
513,PANSEAR,,50,53,48,53,48,64,FIRE,,0,390,304,1.2828947368421053
514,SIMISEAR,,75,98,63,98,63,101,FIRE,,0,338,354,0.9548022598870056
515,PANPOUR,,50,53,48,53,48,64,WATER,,0,390,304,1.2828947368421053
516,SIMIPOUR,,75,98,63,98,63,101,WATER,,0,338,354,0.9548022598870056
517,MUNNA,,76,25,45,67,55,24,PSYCHIC,,0,334,356,0.9382022471910112
518,MUSHARNA,,116,55,85,107,95,29,PSYCHIC,,0,235,436,0.5389908256880734
519,PIDOVE,,50,55,50,36,30,43,NORMAL,FLYING,0,383,304,1.2598684210526316
520,TRANQUILL,,62,77,62,50,42,65,NORMAL,FLYING,0,333,328,1.0152439024390243
521,UNFEZANT,,80,115,80,65,55,93,NORMAL,FLYING,0,292,364,0.8021978021978022
522,BLITZLE,,45,60,32,50,32,76,ELECTRIC,,0,387,294,1.316326530612245
523,ZEBSTRIKA,,75,100,63,80,63,116,ELECTRIC,,0,281,354,0.7937853107344632
524,ROGGENROLA,,55,75,85,25,25,15,ROCK,,0,509,314,1.6210191082802548
525,BOLDORE,,70,105,105,50,40,20,ROCK,,0,424,344,1.2325581395348837
526,GIGALITH,,85,135,130,60,80,25,ROCK,,0,294,374,0.786096256684492
527,WOOBAT,,65,45,43,55,43,72,PSYCHIC,FLYING,0,341,334,1.0209580838323353
528,SWOOBAT,,67,57,55,77,55,114,PSYCHIC,FLYING,0,302,338,0.893491124260355
529,DRILBUR,,60,85,40,30,45,68,GROUND,,0,402,324,1.2407407407407407
530,EXCADRILL,,110,135,60,50,65,88,GROUND,STEEL,0,348,424,0.8207547169811321
531,AUDINO,,103,60,86,60,86,50,NORMAL,,0,282,410,0.6878048780487804
532,TIMBURR,,75,80,55,25,35,35,FIGHTING,,0,541,354,1.5282485875706215
533,GURDURR,,85,105,85,40,50,40,FIGHTING,,0,460,374,1.2299465240641712
534,CONKELDURR,,105,140,95,55,65,45,FIGHTING,,0,400,414,0.966183574879227
535,TYMPOLE,,50,50,40,50,40,64,WATER,,0,424,304,1.394736842105263
536,PALPITOAD,,75,65,55,65,55,69,WATER,GROUND,0,729,354,2.059322033898305
537,SEISMITOAD,,105,95,75,85,75,74,WATER,GROUND,0,613,414,1.4806763285024154
538,THROH,,120,100,85,30,85,45,FIGHTING,,0,342,444,0.7702702702702703
539,SAWK,,75,125,75,30,75,85,FIGHTING,,0,369,354,1.0423728813559323
540,SEWADDLE,,45,53,70,40,60,42,BUG,GRASS,0,696,294,2.36734693877551
541,SWADLOON,,55,63,90,50,80,42,BUG,GRASS,0,589,314,1.875796178343949
542,LEAVANNY,,75,103,80,70,70,92,BUG,GRASS,0,638,354,1.8022598870056497
543,VENIPEDE,,30,45,59,30,39,57,BUG,POISON,0,516,264,1.9545454545454546
544,WHIRLIPEDE,,40,55,99,40,79,47,BUG,POISON,0,357,284,1.2570422535211268
545,SCOLIPEDE,,60,100,89,55,69,112,BUG,POISON,0,387,324,1.1944444444444444
546,COTTONEE,,40,27,60,37,50,66,GRASS,FAIRY,0,558,284,1.9647887323943662
547,WHIMSICOTT,,60,67,85,77,75,116,GRASS,FAIRY,0,456,324,1.4074074074074074
548,PETILIL,,45,35,50,70,50,30,GRASS,,0,382,294,1.2993197278911566
549,LILLIGANT,,70,60,75,110,75,90,GRASS,,0,306,344,0.8895348837209303
550,BASCULIN,,70,92,65,80,55,98,WATER,,0,364,344,1.058139534883721
551,SANDILE,,50,72,35,35,35,65,GROUND,DARK,0,449,304,1.4769736842105263
552,KROKOROK,,60,82,45,45,45,74,GROUND,DARK,0,402,324,1.2407407407407407
553,KROOKODILE,,95,117,80,65,70,92,GROUND,DARK,0,319,394,0.8096446700507615
554,DARUMAKA,,70,90,45,15,45,50,FIRE,,0,402,344,1.1686046511627908
555,DARMANITAN,,105,140,55,30,55,95,FIRE,,0,364,414,0.8792270531400966
556,MARACTUS,,75,86,67,106,67,60,GRASS,,0,327,354,0.923728813559322
557,DWEBBLE,,50,65,85,35,35,55,BUG,ROCK,0,449,304,1.4769736842105263
558,CRUSTLE,,70,105,125,65,75,45,BUG,ROCK,0,306,344,0.8895348837209303
559,SCRAGGY,,50,75,70,35,70,48,DARK,FIGHTING,0,428,304,1.4078947368421053
560,SCRAFTY,,65,90,115,45,115,58,DARK,FIGHTING,0,313,334,0.937125748502994
561,SIGILYPH,,72,58,80,103,80,97,PSYCHIC,FLYING,0,244,348,0.7011494252873564
562,YAMASK,,38,30,85,55,65,30,GHOST,,0,209,280,0.7464285714285714
563,COFAGRIGUS,,58,50,145,95,105,30,GHOST,,0,149,320,0.465625
564,TIRTOUGA,,54,78,103,53,45,22,WATER,ROCK,0,805,312,2.5801282051282053
565,CARRACOSTA,,74,108,133,83,65,32,WATER,ROCK,0,666,352,1.8920454545454546
566,ARCHEN,,55,90,43,54,43,70,ROCK,FLYING,0,411,314,1.3089171974522293
567,ARCHEOPS,,75,120,65,60,65,110,ROCK,FLYING,0,333,354,0.940677966101695
568,TRUBBISH,,50,50,62,40,62,65,POISON,,0,411,304,1.3519736842105263
569,GARBODOR,,80,95,82,60,82,75,POISON,,0,349,364,0.9587912087912088
570,ZORUA,,40,65,40,80,40,65,DARK,,0,424,284,1.4929577464788732
571,ZOROARK,,60,105,60,120,60,105,DARK,,0,348,324,1.0740740740740742
572,MINCCINO,,55,50,40,40,40,75,NORMAL,,0,424,314,1.3503184713375795
573,CINCCINO,,75,95,60,65,60,115,NORMAL,,0,348,354,0.9830508474576272
574,GOTHITA,,45,30,50,55,65,45,PSYCHIC,,0,317,294,1.0782312925170068
575,GOTHORITA,,60,45,70,75,85,55,PSYCHIC,,0,264,324,0.8148148148148148
576,GOTHITELLE,,70,55,95,95,110,65,PSYCHIC,,0,219,344,0.6366279069767442
577,SOLOSIS,,45,30,40,105,50,20,PSYCHIC,,0,352,294,1.1972789115646258
578,DUOSION,,65,40,50,125,60,30,PSYCHIC,,0,317,334,0.9491017964071856
579,REUNICLUS,,110,65,75,125,85,30,PSYCHIC,,0,254,424,0.5990566037735849
580,DUCKLETT,,62,44,50,44,50,55,WATER,FLYING,0,563,328,1.7164634146341464
581,SWANNA,,75,87,63,87,63,98,WATER,FLYING,0,499,354,1.4096045197740112
582,VANILLITE,,36,50,50,65,60,44,ICE,,0,382,276,1.3840579710144927
583,VANILLISH,,51,65,65,80,75,59,ICE,,0,333,306,1.088235294117647
584,VANILLUXE,,71,95,85,110,95,79,ICE,,0,284,346,0.8208092485549133
585,DEERLING,,60,60,50,40,50,75,NORMAL,GRASS,0,382,324,1.1790123456790123
586,SAWSBUCK,,80,100,70,60,70,95,NORMAL,GRASS,0,319,364,0.8763736263736264
587,EMOLGA,,55,75,60,75,60,103,ELECTRIC,FLYING,0,288,314,0.9171974522292994
588,KARRABLAST,,50,75,45,40,45,60,BUG,,0,402,304,1.3223684210526316
589,ESCAVALIER,,70,135,105,60,105,20,BUG,STEEL,0,495,344,1.438953488372093
590,FOONGUS,,69,55,45,55,55,15,GRASS,POISON,0,438,342,1.280701754385965
591,AMOONGUSS,,114,85,70,85,80,30,GRASS,POISON,0,355,432,0.8217592592592593
592,FRILLISH,,55,40,50,65,85,40,WATER,GHOST,0,319,314,1.015923566878981
593,JELLICENT,,100,60,70,85,105,60,WATER,GHOST,0,266,404,0.6584158415841584
594,ALOMOMOLA,,165,75,80,40,45,65,WATER,,0,402,534,0.7528089887640449
595,JOLTIK,,50,47,50,57,50,65,BUG,ELECTRIC,0,382,304,1.256578947368421
596,GALVANTULA,,70,77,60,97,60,108,BUG,ELECTRIC,0,348,344,1.0116279069767442
597,FERROSEED,,44,50,91,24,86,10,GRASS,STEEL,0,564,292,1.9315068493150684
598,FERROTHORN,,74,94,131,54,116,20,GRASS,STEEL,0,463,352,1.3153409090909092
599,KLINK,,40,55,70,45,60,30,STEEL,,0,348,284,1.2253521126760563
600,KLANG,,60,80,95,70,85,50,STEEL,,0,284,324,0.8765432098765432
601,KLINKLANG,,60,100,115,70,85,90,STEEL,,0,284,324,0.8765432098765432
602,TYNAMO,,35,55,40,45,40,60,ELECTRIC,,0,352,274,1.2846715328467153
603,EELEKTRIK,,65,85,70,75,70,40,ELECTRIC,,0,264,334,0.7904191616766467
604,EELEKTROSS,,85,115,80,105,80,50,ELECTRIC,,0,244,374,0.6524064171122995
605,ELGYEM,,55,55,55,85,55,30,PSYCHIC,,0,302,314,0.9617834394904459
606,BEHEEYEM,,75,75,75,125,95,40,PSYCHIC,,0,254,354,0.7175141242937854
607,LITWICK,,50,30,55,65,55,20,GHOST,FIRE,0,364,304,1.1973684210526316
608,LAMPENT,,60,40,60,95,60,55,GHOST,FIRE,0,348,324,1.0740740740740742
609,CHANDELURE,,60,55,90,145,90,80,GHOST,FIRE,0,274,324,0.845679012345679
610,AXEW,,46,87,60,30,40,57,DRAGON,,0,368,296,1.2432432432432432
611,FRAXURE,,66,117,70,40,50,67,DRAGON,,0,332,336,0.9880952380952381
612,HAXORUS,,76,147,90,60,70,97,DRAGON,,0,277,356,0.7780898876404494
613,CUBCHOO,,55,70,40,60,40,40,ICE,,0,424,314,1.3503184713375795
614,BEARTIC,,95,130,80,70,80,50,ICE,,0,294,394,0.7461928934010152
615,CRYOGONAL,,80,50,50,95,135,105,ICE,,0,382,364,1.0494505494505495
616,SHELMET,,50,40,85,40,65,25,BUG,,0,333,304,1.0953947368421053
617,ACCELGOR,,80,70,40,100,60,145,BUG,,0,396,364,1.0879120879120878
618,STUNFISK,,109,66,84,81,99,32,GROUND,ELECTRIC,0,257,422,0.6090047393364929
619,MIENFOO,,45,85,50,55,50,65,FIGHTING,,0,460,294,1.564625850340136
620,MIENSHAO,,65,125,60,95,60,105,FIGHTING,,0,418,334,1.251497005988024
621,DRUDDIGON,,77,120,90,60,90,48,DRAGON,,0,238,358,0.664804469273743
622,GOLETT,,59,74,50,35,50,35,GROUND,GHOST,0,382,322,1.186335403726708
623,GOLURK,,89,124,80,55,80,55,GROUND,GHOST,0,294,382,0.7696335078534031
624,PAWNIARD,,45,85,70,40,40,60,DARK,STEEL,0,681,294,2.316326530612245
625,BISHARP,,65,125,100,60,70,70,DARK,STEEL,0,512,334,1.532934131736527
626,BOUFFALANT,,95,110,95,40,95,55,NORMAL,,0,264,394,0.6700507614213198
627,RUFFLET,,70,83,50,37,50,60,NORMAL,FLYING,0,317,344,0.9215116279069767
628,BRAVIARY,,100,123,75,57,75,80,NORMAL,FLYING,0,254,404,0.6287128712871287
629,VULLABY,,70,55,75,45,65,60,DARK,FLYING,0,267,344,0.7761627906976745
630,MANDIBUZZ,,110,65,105,55,95,80,DARK,FLYING,0,212,424,0.5
631,HEATMOR,,85,97,66,105,66,65,FIRE,,0,330,374,0.8823529411764706
632,DURANT,,58,109,112,48,48,109,BUG,STEEL,0,780,320,2.4375
633,DEINO,,52,65,50,45,50,38,DARK,DRAGON,0,512,308,1.6623376623376624
634,ZWEILOUS,,72,85,70,65,70,58,DARK,DRAGON,0,428,348,1.2298850574712643
635,HYDREIGON,,92,105,90,125,90,98,DARK,DRAGON,0,368,388,0.9484536082474226
636,LARVESTA,,55,85,55,50,55,60,BUG,FIRE,0,584,314,1.8598726114649682
637,VOLCARONA,,85,60,65,135,105,100,BUG,FIRE,0,446,374,1.1925133689839573
638,COBALION,,91,90,129,90,72,108,STEEL,FIGHTING,0,314,386,0.8134715025906736
639,TERRAKION,,91,129,90,72,90,108,ROCK,FIGHTING,0,330,386,0.8549222797927462
640,VIRIZION,,91,90,72,90,129,108,GRASS,FIGHTING,0,586,386,1.5181347150259068
641,TORNADUS,,79,115,70,125,80,111,FLYING,,0,264,362,0.7292817679558011
642,THUNDURUS,,79,115,70,125,80,111,ELECTRIC,FLYING,0,264,362,0.7292817679558011
643,RESHIRAM,,100,120,100,150,120,90,DRAGON,FIRE,0,212,404,0.5247524752475248
644,ZEKROM,,100,150,120,120,100,90,DRAGON,ELECTRIC,0,222,404,0.5495049504950495
645,LANDORUS,,89,125,90,115,80,101,GROUND,FLYING,0,434,382,1.1361256544502618
646,KYUREM,,125,130,90,130,90,95,DRAGON,ICE,0,274,454,0.6035242290748899
647,KELDEO,,91,72,90,129,90,108,WATER,FIGHTING,0,330,386,0.8549222797927462
648,MELOETTA,,100,77,77,128,128,90,NORMAL,PSYCHIC,0,250,404,0.6188118811881188
649,GENESECT,,71,120,95,120,95,99,BUG,STEEL,0,529,346,1.5289017341040463
650,CHESPIN,,56,61,65,48,45,38,GRASS,,0,402,316,1.2721518987341771
651,QUILLADIN,,61,78,95,56,58,57,GRASS,,0,354,326,1.0858895705521472
652,CHESNAUGHT,,88,107,122,74,75,64,GRASS,FIGHTING,0,451,380,1.186842105263158
653,FENNEKIN,,40,45,40,62,60,60,FIRE,,0,352,284,1.2394366197183098
654,BRAIXEN,,59,59,58,90,70,73,FIRE,,0,319,322,0.9906832298136646
655,DELPHOX,,75,69,72,114,100,104,FIRE,PSYCHIC,0,260,354,0.7344632768361582
656,FROAKIE,,41,56,40,62,44,71,WATER,,0,406,286,1.4195804195804196
657,FROGADIER,,54,63,52,83,56,97,WATER,,0,361,312,1.1570512820512822
658,GRENINJA,,72,95,67,103,71,122,WATER,DARK,0,327,348,0.9396551724137931
659,BUNNELBY,,38,36,38,32,36,57,NORMAL,,0,434,280,1.55
660,DIGGERSBY,,85,56,77,50,77,78,NORMAL,GROUND,0,301,374,0.8048128342245989
661,FLETCHLING,,45,50,43,40,38,62,NORMAL,FLYING,0,348,294,1.183673469387755
662,FLETCHINDER,,62,73,55,56,52,84,FIRE,FLYING,0,601,328,1.8323170731707317
663,TALONFLAME,,78,81,71,74,69,126,FIRE,FLYING,0,516,360,1.4333333333333333
664,SCATTERBUG,,38,35,40,27,25,35,BUG,,0,509,280,1.8178571428571428
665,SPEWPA,,45,22,60,27,30,29,BUG,,0,477,294,1.6224489795918366
666,VIVILLON,,80,52,50,90,50,89,BUG,FLYING,0,613,364,1.684065934065934
667,LITLEO,,62,50,58,73,54,72,FIRE,NORMAL,0,368,328,1.1219512195121952
668,PYROAR,,86,68,72,109,66,106,FIRE,NORMAL,0,330,376,0.8776595744680851
669,FLABEBE,,44,38,39,61,79,42,FAIRY,,0,372,292,1.273972602739726
670,FLOETTE,,54,45,47,75,98,52,FAIRY,,0,342,312,1.0961538461538463
671,FLORGES,,78,65,68,112,154,75,FAIRY,,0,281,360,0.7805555555555556
672,SKIDDO,,66,65,48,62,57,52,GRASS,,0,364,336,1.0833333333333333
673,GOGOAT,,123,100,62,97,81,68,GRASS,,0,319,450,0.7088888888888889
674,PANCHAM,,67,82,62,46,48,43,FIGHTING,,0,469,338,1.3875739644970415
675,PANGORO,,95,124,78,69,71,58,FIGHTING,DARK,0,424,394,1.0761421319796953
676,FURFROU,,75,80,60,65,90,102,NORMAL,,0,348,354,0.9830508474576272
677,ESPURR,,62,48,54,63,60,68,PSYCHIC,,0,305,328,0.9298780487804879
678,MEOWSTIC,,74,48,76,83,81,104,PSYCHIC,,0,252,352,0.7159090909090909
679,HONEDGE,,45,80,100,35,37,28,STEEL,GHOST,0,439,294,1.4931972789115646
680,DOUBLADE,,59,110,150,45,49,35,STEEL,GHOST,0,386,322,1.1987577639751552
681,AEGISLASH,,60,50,140,50,140,60,STEEL,GHOST,0,202,324,0.6234567901234568
682,SPRITZEE,,78,52,60,63,65,23,FAIRY,,0,311,360,0.8638888888888889
683,AROMATISSE,,101,72,72,99,89,29,FAIRY,,0,272,406,0.6699507389162561
684,SWIRLIX,,62,48,66,59,57,49,FAIRY,,0,334,328,1.0182926829268293
685,SLURPUFF,,82,80,86,85,75,72,FAIRY,,0,286,368,0.7771739130434783
686,INKAY,,53,54,53,37,46,45,DARK,PSYCHIC,0,596,310,1.9225806451612903
687,MALAMAR,,86,92,88,68,75,73,DARK,PSYCHIC,0,446,376,1.1861702127659575
688,BINACLE,,42,52,67,39,56,50,ROCK,WATER,0,722,288,2.5069444444444446
689,BARBARACLE,,72,105,115,86,68,54,ROCK,WATER,0,649,348,1.8649425287356323
690,SKRELP,,50,60,60,60,60,30,POISON,WATER,0,418,304,1.375
691,DRAGALGE,,65,75,90,97,123,44,POISON,DRAGON,0,268,334,0.8023952095808383
692,CLAUNCHER,,50,53,62,58,63,44,WATER,,0,338,304,1.111842105263158
693,CLAWITZER,,71,73,88,120,89,59,WATER,,0,276,346,0.7976878612716763
694,HELIOPTILE,,44,38,33,61,43,70,ELECTRIC,NORMAL,0,460,292,1.5753424657534247
695,HELIOLISK,,62,55,52,109,94,109,ELECTRIC,NORMAL,0,375,328,1.1432926829268293
696,TYRUNT,,58,89,77,45,45,48,ROCK,DRAGON,0,376,320,1.175
697,TYRANTRUM,,82,121,119,69,59,71,ROCK,DRAGON,0,328,368,0.8913043478260869
698,AMAURA,,77,59,50,67,63,46,ROCK,ICE,0,765,358,2.136871508379888
699,AURORUS,,123,77,72,99,92,58,ROCK,ICE,0,628,450,1.3955555555555557
700,SYLVEON,,95,65,65,110,130,60,FAIRY,,0,289,394,0.733502538071066
701,HAWLUCHA,,78,92,75,74,63,118,FIGHTING,FLYING,0,407,360,1.1305555555555555
702,DEDENNE,,67,58,57,81,67,101,ELECTRIC,FAIRY,0,296,338,0.8757396449704142
703,CARBINK,,50,50,150,50,150,50,ROCK,FAIRY,0,360,304,1.1842105263157894
704,GOOMY,,45,50,35,55,75,40,DRAGON,,0,373,294,1.2687074829931972
705,SLIGGOO,,68,75,53,83,113,60,DRAGON,,0,308,340,0.9058823529411765
706,GOODRA,,90,100,70,110,150,80,DRAGON,,0,264,384,0.6875
707,KLEFKI,,57,80,91,80,87,75,STEEL,FAIRY,0,280,318,0.8805031446540881
708,PHANTUMP,,43,70,48,50,60,38,GHOST,GRASS,0,364,290,1.2551724137931035
709,TREVENANT,,85,110,76,65,82,56,GHOST,GRASS,0,290,374,0.7754010695187166
710,PUMPKABOO,,49,66,70,44,55,51,GHOST,GRASS,0,364,302,1.205298013245033
711,GOURGEIST,,65,90,122,58,75,84,GHOST,GRASS,0,306,334,0.9161676646706587
712,BERGMITE,,55,69,85,32,35,28,ICE,,0,449,314,1.429936305732484
713,AVALUGG,,95,117,184,44,46,28,ICE,,0,398,394,1.0101522842639594
714,NOIBAT,,40,30,35,45,40,55,FLYING,DRAGON,0,625,284,2.2007042253521125
715,NOIVERN,,85,70,80,97,80,123,FLYING,DRAGON,0,434,374,1.160427807486631
716,XERNEAS,,126,131,95,131,98,99,FAIRY,,0,242,456,0.5307017543859649
717,YVELTAL,,126,131,95,131,98,99,DARK,FLYING,0,219,456,0.48026315789473684
718,ZYGARDE,,108,100,121,81,95,95,DRAGON,GROUND,0,390,420,0.9285714285714286
719,DIANCIE,,50,100,150,100,150,50,ROCK,FAIRY,0,360,304,1.1842105263157894
720,HOOPA,,80,110,60,150,130,70,PSYCHIC,GHOST,0,512,364,1.4065934065934067
721,VOLCANION,,80,110,120,130,90,70,FIRE,WATER,0,220,364,0.6043956043956044
722,ROWLET,,68,55,55,50,50,42,GRASS,FLYING,0,563,340,1.6558823529411764
723,DARTRIX,,78,75,75,70,70,52,GRASS,FLYING,0,470,360,1.3055555555555556
724,DECIDUEYE,,78,107,75,100,100,70,GRASS,GHOST,0,286,360,0.7944444444444444
725,LITTEN,,45,65,40,60,40,70,FIRE,,0,424,294,1.4421768707482994
726,TORRACAT,,65,85,50,80,50,90,FIRE,,0,382,334,1.1437125748502994
727,INCINEROAR,,95,115,90,80,90,60,FIRE,DARK,0,274,394,0.6954314720812182
728,POPPLIO,,50,54,54,66,56,40,WATER,,0,361,304,1.1875
729,BRIONNE,,60,69,69,91,81,50,WATER,,0,292,324,0.9012345679012346
730,PRIMARINA,,80,74,74,126,116,60,WATER,FAIRY,0,258,364,0.7087912087912088
731,PIKIPEK,,35,75,30,30,30,65,NORMAL,FLYING,0,396,274,1.4452554744525548
732,TRUMBEAK,,55,85,50,40,50,75,NORMAL,FLYING,0,317,314,1.0095541401273886
733,TOUCANNON,,80,120,75,75,75,60,NORMAL,FLYING,0,254,364,0.6978021978021978
734,YUNGOOS,,48,70,30,30,30,45,NORMAL,,0,477,300,1.59
735,GUMSHOOS,,88,110,60,55,60,45,NORMAL,,0,348,380,0.9157894736842105
736,GRUBBIN,,47,62,45,55,45,46,BUG,,0,402,298,1.348993288590604
737,CHARJABUG,,57,82,95,55,75,36,BUG,ELECTRIC,0,306,318,0.9622641509433962
738,VIKAVOLT,,77,70,90,145,75,43,BUG,ELECTRIC,0,306,358,0.8547486033519553
739,CRABRAWLER,,47,82,57,42,47,63,FIGHTING,,0,474,298,1.5906040268456376
740,CRABOMINABLE,,97,132,77,62,67,43,FIGHTING,ICE,0,394,398,0.9899497487437185
741,ORICORIO,,75,70,70,98,70,93,FIRE,FLYING,0,512,354,1.4463276836158192
742,CUTIEFLY,,40,45,40,55,40,84,BUG,FAIRY,0,424,284,1.4929577464788732
743,RIBOMBEE,,60,55,60,95,70,124,BUG,FAIRY,0,325,324,1.0030864197530864
744,ROCKRUFF,,45,65,40,30,40,60,ROCK,,0,424,294,1.4421768707482994
745,LYCANROC,,75,115,65,55,65,112,ROCK,,0,333,354,0.940677966101695
746,WISHIWASHI,,45,20,20,25,25,40,WATER,,0,509,294,1.7312925170068028
747,MAREANIE,,50,53,62,43,52,45,POISON,WATER,0,451,304,1.4835526315789473
748,TOXAPEX,,50,63,152,53,142,35,POISON,WATER,0,242,304,0.7960526315789473
749,MUDBRAY,,70,100,70,45,55,45,GROUND,,0,364,344,1.058139534883721
750,MUDSDALE,,100,125,100,55,85,35,GROUND,,0,284,404,0.7029702970297029
751,DEWPIDER,,38,40,52,40,72,27,WATER,BUG,0,350,280,1.25
752,ARAQUANID,,68,70,92,50,132,42,WATER,BUG,0,252,340,0.7411764705882353
753,FOMANTIS,,40,55,35,50,35,35,GRASS,,0,449,284,1.5809859154929577
754,LURANTIS,,70,105,90,80,90,45,GRASS,,0,274,344,0.7965116279069767
755,MORELULL,,40,35,55,65,75,15,GRASS,FAIRY,0,584,284,2.056338028169014
756,SHIINOTIC,,60,45,80,90,100,30,GRASS,FAIRY,0,473,324,1.4598765432098766
757,SALANDIT,,48,44,40,71,40,77,POISON,FIRE,0,569,300,1.8966666666666667
758,SALAZZLE,,68,64,60,111,60,117,POISON,FIRE,0,466,340,1.3705882352941177
759,STUFFUL,,70,75,50,45,50,50,NORMAL,FIGHTING,0,460,344,1.3372093023255813
760,BEWEAR,,120,125,80,55,60,60,NORMAL,FIGHTING,0,418,444,0.9414414414414415
761,BOUNSWEET,,42,30,38,30,38,32,GRASS,,0,434,288,1.5069444444444444
762,STEENEE,,52,40,48,40,48,62,GRASS,,0,390,308,1.2662337662337662
763,TSAREENA,,72,120,98,50,98,72,GRASS,,0,259,348,0.7442528735632183
764,COMFEY,,51,52,90,82,110,100,FAIRY,,0,238,306,0.7777777777777778
765,ORANGURU,,90,60,80,90,110,60,NORMAL,PSYCHIC,0,244,384,0.6354166666666666
766,PASSIMIAN,,100,120,90,40,60,80,FIGHTING,,0,418,404,1.0346534653465347
767,WIMPOD,,25,35,40,20,30,80,BUG,WATER,0,396,254,1.5590551181102361
768,GOLISOPOD,,75,125,140,60,90,40,BUG,WATER,0,220,354,0.6214689265536724
769,SANDYGAST,,55,55,80,70,45,15,GHOST,GROUND,0,402,314,1.2802547770700636
770,PALOSSAND,,85,75,110,100,75,35,GHOST,GROUND,0,306,374,0.8181818181818182
771,PYUKUMUKU,,55,60,130,30,130,5,WATER,,0,213,314,0.678343949044586
772,TYPENULL,,95,95,95,95,95,59,NORMAL,,0,264,394,0.6700507614213198
773,SILVALLY,,95,95,95,95,95,95,NORMAL,,0,264,394,0.6700507614213198
774,MINIOR,,60,60,100,60,100,60,ROCK,FLYING,0,256,324,0.7901234567901234
775,KOMALA,,65,115,65,75,95,65,NORMAL,,0,333,334,0.9970059880239521
776,TURTONATOR,,60,78,135,91,85,36,FIRE,DRAGON,0,246,324,0.7592592592592593
777,TOGEDEMARU,,65,98,63,40,73,96,ELECTRIC,STEEL,0,454,334,1.3592814371257484
778,MIMIKYU,,55,90,80,50,105,96,GHOST,FAIRY,0,256,314,0.8152866242038217
779,BRUXISH,,68,105,70,70,70,92,WATER,PSYCHIC,0,319,340,0.9382352941176471
780,DRAMPA,,78,60,85,135,91,36,NORMAL,DRAGON,0,284,360,0.7888888888888889
781,DHELMISE,,70,131,100,86,90,40,GHOST,GRASS,0,274,344,0.7965116279069767
782,JANGMOO,,45,55,65,45,45,45,DRAGON,,0,349,294,1.1870748299319729
783,HAKAMOO,,55,75,90,65,70,65,DRAGON,FIGHTING,0,428,314,1.3630573248407643
784,KOMMOO,,75,110,125,100,105,85,DRAGON,FIGHTING,0,333,354,0.940677966101695
785,TAPUKOKO,,70,115,85,95,75,130,ELECTRIC,FAIRY,0,235,344,0.6831395348837209
786,TAPULELE,,70,85,75,130,115,95,PSYCHIC,FAIRY,0,266,344,0.7732558139534884
787,TAPUBULU,,70,130,115,85,95,75,GRASS,FAIRY,0,374,344,1.0872093023255813
788,TAPUFINI,,70,75,115,95,130,85,WATER,FAIRY,0,213,344,0.6191860465116279
789,COSMOG,,43,29,31,29,31,37,PSYCHIC,,0,392,290,1.3517241379310345
790,COSMOEM,,43,29,131,131,37,37,PSYCHIC,,0,265,290,0.9137931034482759
791,SOLGALEO,,137,137,107,113,89,97,PSYCHIC,STEEL,0,276,478,0.5774058577405857
792,LUNALA,,137,113,89,137,107,97,PSYCHIC,GHOST,0,406,478,0.8493723849372385
793,NIHILEGO,,109,53,47,127,131,103,ROCK,POISON,0,528,422,1.2511848341232228
794,BUZZWOLE,,107,139,139,53,53,79,BUG,FIGHTING,0,547,418,1.3086124401913874
795,PHEROMOSA,,71,137,37,137,37,151,BUG,FIGHTING,0,821,346,2.3728323699421967
796,XURKITREE,,83,89,71,173,71,83,ELECTRIC,,0,262,370,0.7081081081081081
797,CELESTEELA,,97,101,103,107,101,61,STEEL,FLYING,0,254,398,0.6381909547738693
798,KARTANA,,59,181,131,59,31,109,GRASS,STEEL,0,944,322,2.9316770186335406
799,GUZZLORD,,223,101,53,97,53,43,DARK,DRAGON,0,498,650,0.7661538461538462
800,NECROZMA,,97,107,101,127,89,79,PSYCHIC,,0,210,398,0.5276381909547738
801,MAGEARNA,,80,95,115,130,115,65,STEEL,FAIRY,0,233,364,0.6401098901098901
802,MARSHADOW,,90,125,80,90,90,125,FIGHTING,GHOST,0,330,384,0.859375
803,POIPOLE,,67,73,67,73,67,73,POISON,,0,394,338,1.165680473372781
804,NAGANADEL,,73,73,73,127,73,121,POISON,DRAGON,0,375,350,1.0714285714285714
805,STAKATAKA,,61,131,211,53,101,13,ROCK,STEEL,0,408,326,1.2515337423312884
806,BLACEPHALON,,53,127,53,151,79,107,FIRE,GHOST,0,297,310,0.9580645161290322
807,ZERAORA,,88,112,75,102,80,143,ELECTRIC,,0,254,380,0.6684210526315789
808,MELTAN,,46,65,65,55,35,34,STEEL,,0,449,296,1.5168918918918919
809,MELMETAL,,135,143,143,80,65,34,STEEL,,0,333,474,0.7025316455696202
810,GROOKEY,,50,65,50,40,40,65,GRASS,,0,424,304,1.394736842105263
811,THWACKEY,,70,85,70,55,60,80,GRASS,,0,348,344,1.0116279069767442
812,RILLABOOM,,100,125,90,60,70,85,GRASS,,0,319,404,0.7896039603960396
813,SCORBUNNY,,50,71,40,40,40,69,FIRE,,0,424,304,1.394736842105263
814,RABOOT,,65,86,60,55,60,94,FIRE,,0,348,334,1.0419161676646707
815,CINDERACE,,80,116,75,65,75,119,FIRE,,0,306,364,0.8406593406593407
816,SOBBLE,,50,40,40,70,40,70,WATER,,0,424,304,1.394736842105263
817,DRIZZILE,,65,60,55,95,55,90,WATER,,0,364,334,1.089820359281437
818,INTELEON,,70,85,65,125,65,120,WATER,,0,333,344,0.9680232558139535
819,SKWOVET,,70,55,55,35,35,25,NORMAL,,0,364,344,1.058139534883721
820,GREEDENT,,120,95,95,55,75,20,NORMAL,,0,264,444,0.5945945945945946
821,ROOKIDEE,,38,47,35,33,35,57,FLYING,,0,373,280,1.332142857142857
822,CORVISQUIRE,,68,67,55,43,55,77,FLYING,,0,302,340,0.888235294117647
823,CORVIKNIGHT,,98,87,105,53,85,67,FLYING,STEEL,0,284,400,0.71
824,BLIPBUG,,25,20,20,25,45,45,BUG,,0,509,254,2.0039370078740157
825,DOTTLER,,50,35,80,50,90,30,BUG,PSYCHIC,0,275,304,0.9046052631578947
826,ORBEETLE,,60,45,110,80,120,90,BUG,PSYCHIC,0,226,324,0.6975308641975309
827,NICKIT,,40,28,28,52,47,50,DARK,,0,490,284,1.7253521126760563
828,THIEVUL,,70,58,58,92,87,90,DARK,,0,354,344,1.0290697674418605
829,GOSSIFLEUR,,40,40,60,40,60,10,GRASS,,0,348,284,1.2253521126760563
830,ELDEGOSS,,60,50,90,80,120,60,GRASS,,0,256,324,0.7901234567901234
831,WOOLOO,,42,40,55,40,45,48,NORMAL,,0,364,288,1.2638888888888888
832,DUBWOOL,,72,80,100,60,90,88,NORMAL,,0,256,348,0.735632183908046
833,CHEWTLE,,50,64,50,38,38,44,WATER,,0,434,304,1.4276315789473684
834,DREDNAW,,90,115,90,48,68,74,WATER,ROCK,0,649,384,1.6901041666666667
835,YAMPER,,59,45,50,40,50,26,ELECTRIC,,0,317,322,0.984472049689441
836,BOLTUND,,69,90,60,90,60,121,ELECTRIC,,0,288,342,0.8421052631578947
837,ROLYCOLY,,30,40,50,40,50,30,ROCK,,0,382,264,1.446969696969697
838,CARKOL,,80,60,90,60,70,50,ROCK,FIRE,0,638,364,1.7527472527472527
839,COALOSSAL,,110,80,120,80,90,30,ROCK,FIRE,0,548,424,1.2924528301886793
840,APPLIN,,40,40,80,40,40,20,GRASS,DRAGON,0,625,284,2.2007042253521125
841,FLAPPLE,,70,110,80,95,60,70,GRASS,DRAGON,0,512,344,1.4883720930232558
842,APPLETUN,,110,85,80,100,80,30,GRASS,DRAGON,0,434,424,1.0235849056603774
843,SILICOBRA,,52,57,75,35,50,46,GROUND,,0,382,308,1.2402597402597402
844,SANDACONDA,,72,107,125,65,70,71,GROUND,,0,319,348,0.9166666666666666
845,CRAMORANT,,70,85,55,85,95,85,FLYING,WATER,0,488,344,1.4186046511627908
846,ARROKUDA,,41,63,40,40,30,66,WATER,,0,477,286,1.667832167832168
847,BARRASKEWDA,,61,123,60,60,50,136,WATER,,0,382,326,1.1717791411042944
848,TOXEL,,40,38,35,54,35,40,ELECTRIC,POISON,0,602,284,2.119718309859155
849,TOXTRICITY,,75,98,70,114,70,75,ELECTRIC,POISON,0,428,354,1.2090395480225988
850,SIZZLIPEDE,,50,65,45,50,50,45,FIRE,BUG,0,613,304,2.0164473684210527
851,CENTISKORCH,,100,115,65,90,90,65,FIRE,BUG,0,446,404,1.103960396039604
852,CLOBBOPUS,,50,68,60,50,50,32,FIGHTING,,0,460,304,1.513157894736842
853,GRAPPLOCT,,80,118,90,70,80,42,FIGHTING,,0,355,364,0.9752747252747253
854,SINISTEA,,40,45,45,74,54,50,GHOST,,0,296,284,1.0422535211267605
855,POLTEAGEIST,,60,65,65,134,114,70,GHOST,,0,245,324,0.7561728395061729
856,HATENNA,,42,30,45,56,53,39,PSYCHIC,,0,334,288,1.1597222222222223
857,HATTREM,,57,40,65,86,73,49,PSYCHIC,,0,276,318,0.8679245283018868
858,HATTERENE,,57,90,95,136,103,29,PSYCHIC,FAIRY,0,234,318,0.7358490566037735
859,IMPIDIMP,,45,45,30,55,40,50,DARK,FAIRY,0,414,294,1.4081632653061225
860,MORGREM,,65,60,45,75,55,70,DARK,FAIRY,0,349,334,1.0449101796407185
861,GRIMMSNARL,,95,120,65,95,75,60,DARK,FAIRY,0,289,394,0.733502538071066
862,OBSTAGOON,,93,90,101,60,81,95,DARK,NORMAL,0,508,390,1.3025641025641026
863,PERRSERKER,,70,110,100,50,60,50,STEEL,,0,348,344,1.0116279069767442
864,CURSOLA,,60,95,50,145,130,30,GHOST,,0,281,324,0.8672839506172839
865,SIRFETCHD,,62,135,95,68,82,65,FIGHTING,,0,349,328,1.0640243902439024
866,MRRIME,,80,85,75,110,100,70,ICE,PSYCHIC,0,266,364,0.7307692307692307
867,RUNERIGUS,,58,95,145,50,105,30,GROUND,GHOST,0,247,320,0.771875
868,MILCERY,,45,40,40,50,61,34,FAIRY,,0,368,294,1.251700680272109
869,ALCREMIE,,65,60,75,110,121,64,FAIRY,,0,266,334,0.7964071856287425
870,FALINKS,,65,100,100,70,60,75,FIGHTING,,0,418,334,1.251497005988024
871,PINCURCHIN,,48,101,95,91,85,15,ELECTRIC,,0,219,300,0.73
872,SNOM,,30,25,35,45,30,20,ICE,BUG,0,955,264,3.617424242424242
873,FROSMOTH,,70,65,60,125,90,65,ICE,BUG,0,558,344,1.622093023255814
874,STONJOURNER,,100,125,135,20,20,70,ROCK,,0,546,404,1.3514851485148516
875,EISCUE,,75,80,110,65,90,50,ICE,,0,274,354,0.7740112994350282
876,INDEEDEE,,60,65,55,105,95,95,PSYCHIC,NORMAL,0,302,324,0.9320987654320988
877,MORPEKO,,58,95,58,70,58,97,ELECTRIC,DARK,0,354,320,1.10625
878,CUFANT,,72,80,49,40,49,40,STEEL,,0,386,348,1.1091954022988506
879,COPPERAJAH,,122,130,69,80,69,30,STEEL,,0,321,448,0.7165178571428571
880,DRACOZOLT,,90,100,90,80,70,75,ELECTRIC,DRAGON,0,277,384,0.7213541666666666
881,ARCTOZOLT,,90,100,90,90,80,55,ELECTRIC,ICE,0,294,384,0.765625
882,DRACOVISH,,90,90,100,70,80,75,WATER,DRAGON,0,256,384,0.6666666666666666
883,ARCTOVISH,,90,90,100,80,90,55,WATER,ICE,0,274,384,0.7135416666666666
884,DURALUDON,,70,95,115,120,50,85,STEEL,DRAGON,0,306,344,0.8895348837209303
885,DREEPY,,28,60,30,40,30,82,DRAGON,GHOST,0,414,260,1.5923076923076922
886,DRAKLOAK,,68,80,50,60,50,102,DRAGON,GHOST,0,332,340,0.9764705882352941
887,DRAGAPULT,,88,120,75,100,75,142,DRAGON,GHOST,0,266,380,0.7
888,ZACIAN,,92,120,115,80,115,138,FAIRY,,0,217,388,0.5592783505154639
889,ZAMAZENTA,,92,120,115,80,115,138,FIGHTING,,0,280,388,0.7216494845360825
890,ETERNATUS,,140,85,95,145,95,130,POISON,DRAGON,0,318,484,0.6570247933884298
891,KUBFU,,60,90,60,53,50,72,FIGHTING,,0,460,324,1.4197530864197532
892,URSHIFU,,100,130,100,63,60,97,FIGHTING,DARK,0,466,404,1.1534653465346534
893,ZARUDE,,105,120,105,70,95,105,DARK,GRASS,0,398,414,0.961352657004831
894,REGIELEKI,,80,100,50,100,50,200,ELECTRIC,,0,317,364,0.8708791208791209
895,REGIDRAGO,,200,100,50,100,50,80,DRAGON,,0,332,604,0.5496688741721855
896,GLASTRIER,,100,145,130,65,110,30,ICE,,0,240,404,0.594059405940594
897,SPECTRIER,,100,65,60,145,80,130,GHOST,,0,256,404,0.6336633663366337
898,CALYREX,,100,80,80,80,80,80,PSYCHIC,GRASS,0,473,404,1.1707920792079207
899,WYRDEER,,103,105,72,105,75,65,NORMAL,PSYCHIC,0,260,410,0.6341463414634146
900,KLEAVOR,,70,130,95,45,75,85,BUG,ROCK,0,306,344,0.8895348837209303
901,URSALUNA,,130,140,105,45,80,50,NORMAL,GROUND,0,294,464,0.6336206896551724
902,BASCULEGION,,120,112,65,80,75,78,WATER,GHOST,0,306,444,0.6891891891891891
903,SNEASLER,,80,130,60,40,80,120,FIGHTING,POISON,0,710,364,1.9505494505494505
904,OVERQWIL,,85,115,95,65,65,85,DARK,POISON,0,219,374,0.5855614973262032
905,ENAMORUS,,74,115,70,135,80,106,FAIRY,FLYING,0,277,352,0.7869318181818182
906,SPRIGATITO,,40,61,54,45,45,65,GRASS,,0,402,284,1.4154929577464788
907,FLORAGATO,,61,80,63,60,63,83,GRASS,,0,338,326,1.0368098159509203
908,MEOWSCARADA,,76,110,70,81,70,123,GRASS,DARK,0,512,356,1.4382022471910112
909,FUECOCO,,67,45,59,63,40,36,FIRE,,0,424,338,1.2544378698224852
910,CROCALOR,,81,55,78,90,58,49,FIRE,,0,354,366,0.9672131147540983
911,SKELEDIRGE,,104,75,100,110,75,66,FIRE,GHOST,0,306,412,0.7427184466019418
912,QUAXLY,,55,65,45,50,45,50,WATER,,0,402,314,1.2802547770700636
913,QUAXWELL,,70,85,65,65,60,65,WATER,,0,348,344,1.0116279069767442
914,QUAQUAVAL,,85,120,80,85,75,85,WATER,FIGHTING,0,369,374,0.9866310160427807
915,LECHONK,,54,45,40,35,45,35,NORMAL,,0,424,312,1.358974358974359
916,OINKOLOGNE,,110,100,75,59,80,65,NORMAL,,0,306,424,0.7216981132075472
917,TAROUNTULA,,35,41,45,29,40,20,BUG,,0,424,274,1.5474452554744527
918,SPIDOPS,,60,79,92,52,86,35,BUG,,0,282,324,0.8703703703703703
919,NYMBLE,,33,46,40,21,25,45,BUG,,0,509,270,1.885185185185185
920,LOKIX,,71,102,78,52,55,92,BUG,DARK,0,364,346,1.0520231213872833
921,PAWMI,,45,50,20,40,25,60,ELECTRIC,,0,453,294,1.5408163265306123
922,PAWMO,,60,75,40,50,40,85,ELECTRIC,FIGHTING,0,511,324,1.5771604938271604
923,PAWMOT,,70,115,70,70,60,105,ELECTRIC,FIGHTING,0,418,344,1.2151162790697674
924,CLODSIRE,,130,75,60,45,100,20,POISON,GROUND,0,308,464,0.6637931034482759
925,TANDEMAUS,,50,50,45,40,45,75,NORMAL,,0,402,304,1.3223684210526316
926,MAUSHOLD,,74,75,70,65,75,111,NORMAL,,0,319,352,0.90625
927,FIDOUGH,,37,55,70,30,55,65,FAIRY,,0,340,278,1.223021582733813
928,DACHSBUN,,57,80,115,50,80,95,FAIRY,,0,275,318,0.8647798742138365
929,SMOLIV,,41,35,45,58,51,30,GRASS,NORMAL,0,402,286,1.4055944055944056
930,DOLLIV,,52,53,60,78,78,33,GRASS,NORMAL,0,348,308,1.12987012987013
931,ARBOLIVA,,78,69,90,125,109,39,GRASS,NORMAL,0,274,360,0.7611111111111111
932,SQUAWKABILLY,,82,96,51,45,51,92,NORMAL,FLYING,0,314,368,0.8532608695652174
933,NACLI,,55,55,75,35,35,25,ROCK,,0,449,314,1.429936305732484
934,NACLSTACK,,60,60,100,35,65,35,ROCK,,0,333,324,1.0277777777777777
935,GARGANACL,,100,100,130,45,90,35,ROCK,,0,274,404,0.6782178217821783
936,ANNIHILAPE,,110,115,80,50,90,90,FIGHTING,GHOST,0,330,424,0.7783018867924528
937,CHARCADET,,40,50,40,50,40,35,FIRE,,0,424,284,1.4929577464788732
938,ARMAROUGE,,85,60,100,125,80,75,FIRE,PSYCHIC,0,294,374,0.786096256684492
939,CERULEDGE,,75,125,80,60,100,85,FIRE,GHOST,0,256,354,0.7231638418079096
940,TADBULB,,61,31,41,59,35,45,ELECTRIC,,0,348,326,1.0674846625766872
941,BELLIBOLT,,109,64,91,103,83,45,ELECTRIC,,0,225,422,0.533175355450237
942,WATTREL,,40,40,35,55,40,70,ELECTRIC,FLYING,0,373,284,1.3133802816901408
943,KILOWATTREL,,70,70,60,105,60,125,ELECTRIC,FLYING,0,288,344,0.8372093023255814
944,DUDUNSPARCE,,125,100,80,85,75,55,NORMAL,,0,294,454,0.6475770925110133
945,FARIGIRAF,,120,90,70,110,70,60,NORMAL,PSYCHIC,0,264,444,0.5945945945945946
946,MASCHIFF,,60,78,60,40,51,51,DARK,,0,348,324,1.0740740740740742
947,MABOSSTIFF,,80,120,90,60,70,85,DARK,,0,274,364,0.7527472527472527
948,SHROODLE,,40,65,35,40,35,75,POISON,NORMAL,0,541,284,1.9049295774647887
949,GRAFAIAI,,63,95,65,80,72,110,POISON,NORMAL,0,378,330,1.1454545454545455
950,BRAMBLIN,,40,65,30,45,35,60,GRASS,GHOST,0,449,284,1.5809859154929577
951,BRAMBLEGHAST,,55,115,70,80,70,90,GRASS,GHOST,0,319,314,1.015923566878981
952,TOEDSCOOL,,40,40,35,50,100,70,GROUND,GRASS,0,483,284,1.7007042253521127
953,TOEDSCRUEL,,80,70,65,80,120,100,GROUND,GRASS,0,358,364,0.9835164835164835
954,KLAWF,,70,100,115,35,55,75,ROCK,,0,364,344,1.058139534883721
955,CAPSAKID,,50,62,40,62,40,50,GRASS,,0,424,304,1.394736842105263
956,SCOVILLAIN,,65,108,65,108,65,75,GRASS,FIRE,0,311,334,0.9311377245508982
957,RELLOR,,41,50,60,31,58,30,BUG,,0,354,286,1.2377622377622377
958,RABSCA,,75,50,85,115,100,45,BUG,PSYCHIC,0,265,354,0.748587570621469
959,FLITTLE,,30,35,30,55,30,75,PSYCHIC,,0,396,264,1.5
960,ESPATHRA,,95,60,60,101,60,105,PSYCHIC,,0,288,394,0.7309644670050761
961,TINKATINK,,50,45,45,35,64,58,FAIRY,STEEL,0,335,304,1.1019736842105263
962,TINKATUFF,,65,55,55,45,82,78,FAIRY,STEEL,0,292,334,0.874251497005988
963,TINKATON,,85,75,77,70,105,94,FAIRY,STEEL,0,247,374,0.660427807486631
964,WIGLETT,,10,55,25,35,25,95,WATER,,0,509,224,2.2723214285714284
965,WUGTRIO,,35,100,50,50,70,120,WATER,,0,319,274,1.1642335766423357
966,BOMBIRDIER,,70,103,85,60,85,82,FLYING,DARK,0,235,344,0.6831395348837209
967,FINIZEN,,70,45,40,45,40,75,WATER,,0,424,344,1.2325581395348837
968,PALAFIN,,100,70,72,53,62,100,WATER,,0,341,404,0.844059405940594
969,VAROOM,,45,70,63,30,45,47,STEEL,POISON,0,486,294,1.653061224489796
970,REVAVROOM,,80,119,90,54,67,90,STEEL,POISON,0,396,364,1.0879120879120878
971,CYCLIZAR,,70,95,65,85,65,121,DRAGON,NORMAL,0,333,344,0.9680232558139535
972,ORTHWORM,,70,85,145,60,55,65,STEEL,,0,364,344,1.058139534883721
973,GLIMMET,,48,35,42,105,60,60,ROCK,POISON,0,556,300,1.8533333333333333
974,GLIMMORA,,83,55,90,130,81,86,ROCK,POISON,0,368,370,0.9945945945945946
975,GREAVARD,,50,61,60,30,55,34,GHOST,,0,256,304,0.8421052631578947
976,HOUNDSTONE,,72,101,100,50,97,68,GHOST,,0,188,348,0.5402298850574713
977,FLAMIGO,,82,115,74,75,64,90,FLYING,FIGHTING,0,404,368,1.0978260869565217
978,CETODDLE,,108,68,45,30,40,43,ICE,,0,424,420,1.0095238095238095
979,CETITAN,,170,113,65,45,55,73,ICE,,0,364,544,0.6691176470588235
980,KINGAMBIT,,100,135,120,60,85,50,DARK,STEEL,0,456,404,1.1287128712871286
981,VELUZA,,90,102,73,78,65,70,WATER,PSYCHIC,0,333,384,0.8671875
982,DONDOZO,,150,100,115,65,65,35,WATER,,0,333,504,0.6607142857142857
983,TATSUGIRI,,68,50,60,120,95,82,DRAGON,WATER,0,288,340,0.8470588235294118
984,GREATTUSK,,115,131,131,53,53,87,GROUND,FIGHTING,0,447,434,1.0299539170506913
985,SCREAMTAIL,,115,65,99,65,115,111,FAIRY,PSYCHIC,0,223,434,0.5138248847926268
986,BRUTEBONNET,,111,127,99,79,99,55,GRASS,DARK,0,413,426,0.9694835680751174
987,FLUTTERMANE,,55,55,55,135,135,135,GHOST,FAIRY,0,316,314,1.0063694267515924
988,SLITHERWING,,85,135,79,85,105,81,BUG,FIGHTING,0,555,374,1.4839572192513368
989,SANDYSHOCKS,,85,81,97,121,85,101,ELECTRIC,GROUND,0,284,374,0.7593582887700535
990,IRONTREADS,,90,112,120,72,70,106,GROUND,STEEL,0,319,384,0.8307291666666666
991,IRONBUNDLE,,56,80,114,124,60,136,ICE,WATER,0,348,316,1.1012658227848102
992,IRONHANDS,,154,140,108,50,68,50,FIGHTING,ELECTRIC,0,390,512,0.76171875
993,IRONJUGULIS,,94,80,86,122,80,108,DARK,FLYING,0,236,392,0.6020408163265306
994,IRONMOTH,,80,70,60,140,110,110,FIRE,POISON,0,466,364,1.2802197802197801
995,IRONTHORNS,,100,134,110,70,84,72,ROCK,ELECTRIC,0,346,404,0.8564356435643564
996,FRIGIBAX,,65,75,45,35,45,55,DRAGON,ICE,0,402,334,1.2035928143712575
997,ARCTIBAX,,90,95,66,45,65,62,DRAGON,ICE,0,330,384,0.859375
998,BAXCALIBUR,,115,145,92,75,86,87,DRAGON,ICE,0,270,434,0.6221198156682027
999,GIMMIGHOUL,,45,30,70,75,70,10,GHOST,,0,235,294,0.7993197278911565
1000,GHOLDENGO,,87,60,95,133,91,84,STEEL,GHOST,0,272,378,0.7195767195767195
1001,WOCHIEN,,85,85,100,95,135,70,DARK,GRASS,0,411,374,1.0989304812834224
1002,CHIENPAO,,80,120,80,90,65,135,DARK,ICE,0,589,364,1.6181318681318682
1003,TINGLU,,155,110,125,55,80,45,DARK,GROUND,0,294,514,0.5719844357976653
1004,CHIYU,,55,80,80,135,120,100,DARK,FIRE,0,294,314,0.9363057324840764
1005,ROARINGMOON,,105,139,71,55,101,119,DRAGON,DARK,0,383,414,0.9251207729468599
1006,IRONVALIANT,,74,130,90,120,60,116,FAIRY,FIGHTING,0,418,352,1.1875
1007,KORAIDON,,100,135,115,85,100,135,FIGHTING,DRAGON,0,344,404,0.8514851485148515
1008,MIRAIDON,,100,85,100,135,115,135,ELECTRIC,DRAGON,0,212,404,0.5247524752475248
1009,WALKINGWAKE,,99,83,91,125,83,109,WATER,DRAGON,0,250,402,0.6218905472636815
1010,IRONLEAVES,,90,130,88,70,108,104,GRASS,PSYCHIC,0,446,384,1.1614583333333333
1011,DIPPLIN,,80,80,110,95,90,40,GRASS,DRAGON,0,404,364,1.10989010989011
1012,POLTCHAGEIST,,40,45,45,74,54,50,GRASS,GHOST,0,376,284,1.323943661971831
1013,SINISTCHA,,71,60,106,121,80,70,GRASS,GHOST,0,294,346,0.8497109826589595
1014,OKIDOGI,,88,128,115,58,86,80,POISON,FIGHTING,0,679,380,1.7868421052631578
1015,MUNKIDORI,,88,75,66,130,90,106,POISON,PSYCHIC,0,273,380,0.718421052631579
1016,FEZANDIPITI,,88,91,82,70,125,99,POISON,FAIRY,0,265,380,0.6973684210526315
1017,OGERPON,,80,120,84,60,96,110,GRASS,,0,267,364,0.7335164835164835
1018,ARCHALUDON,,90,105,130,125,65,85,STEEL,DRAGON,0,267,384,0.6953125
1019,HYDRAPPLE,,106,80,110,80,44,120,GRASS,DRAGON,0,598,416,1.4375
1020,GOUGINGFIRE,,105,115,121,65,93,91,FIRE,DRAGON,0,233,414,0.5628019323671497
1021,RAGINGBOLT,,125,73,91,137,89,75,ELECTRIC,DRAGON,0,239,454,0.526431718061674
1022,IRONBOULDER,,90,120,80,68,108,124,ROCK,PSYCHIC,0,256,384,0.6666666666666666
1023,IRONCROWN,,90,72,100,122,108,98,STEEL,PSYCHIC,0,243,384,0.6328125
1024,TERAPAGOS,,90,65,85,65,85,60,NORMAL,,0,284,384,0.7395833333333334
1025,PECHARUNT,,88,88,160,88,88,88,POISON,GHOST,0,334,380,0.8789473684210526
3,VENUSAUR_1,Mega Venusaur,80,100,123,122,120,80,GRASS,POISON,0,272,364,0.7472527472527473
6,CHARIZARD_1,Mega Charizard X,78,130,111,130,85,100,FIRE,DRAGON,0,246,360,0.6833333333333333
6,CHARIZARD_2,Mega Charizard Y,78,104,78,159,115,100,FIRE,FLYING,0,401,360,1.113888888888889
9,BLASTOISE_1,Mega Blastoise,79,103,120,135,115,78,WATER,,0,233,362,0.643646408839779
15,BEEDRILL_1,Mega Beedrill,65,150,40,15,80,145,BUG,POISON,0,396,334,1.18562874251497
18,PIDGEOT_1,Mega Pidgeot,83,80,80,135,80,121,NORMAL,FLYING,0,244,370,0.6594594594594595
19,RATTATA_1,Alolan,30,56,35,25,35,72,DARK,NORMAL,0,899,264,3.4053030303030303
20,RATICATE_1,Alolan,75,71,70,40,80,77,DARK,NORMAL,0,638,354,1.8022598870056497
26,RAICHU_1,Alolan,60,85,50,95,85,110,ELECTRIC,PSYCHIC,0,317,324,0.9783950617283951
27,SANDSHREW_1,Alolan,50,75,90,10,35,40,ICE,STEEL,0,899,304,2.9572368421052633
28,SANDSLASH_1,Alolan,75,100,120,25,65,65,ICE,STEEL,0,666,354,1.88135593220339
37,VULPIX_1,Alolan,38,41,40,50,65,65,ICE,,0,424,280,1.5142857142857142
38,NINETALES_1,Alolan,73,67,75,81,100,109,ICE,FAIRY,0,532,350,1.52
50,DIGLETT_1,Alolan,10,55,30,35,45,90,GROUND,STEEL,0,477,224,2.1294642857142856
51,DUGTRIO_1,Alolan,35,100,60,50,70,110,GROUND,STEEL,0,348,274,1.27007299270073
52,MEOWTH_1,Alolan,40,35,35,50,40,90,DARK,,0,449,284,1.5809859154929577
52,MEOWTH_2,Galarian,50,65,55,40,40,40,STEEL,,0,424,304,1.394736842105263
53,PERSIAN_1,Alolan,65,60,60,75,65,115,DARK,,0,348,334,1.0419161676646707
65,ALAKAZAM_1,Mega Alakazam,55,50,65,175,105,150,PSYCHIC,,0,276,314,0.8789808917197452
74,GEODUDE_1,Alolan,40,80,100,30,30,20,ROCK,ELECTRIC,0,576,284,2.028169014084507
75,GRAVELER_1,Alolan,55,95,115,45,45,35,ROCK,ELECTRIC,0,486,314,1.5477707006369428
76,GOLEM_1,Alolan,80,120,130,55,65,45,ROCK,ELECTRIC,0,402,364,1.1043956043956045
77,PONYTA_1,Galarian,50,85,55,65,65,90,PSYCHIC,,0,302,304,0.993421052631579
78,RAPIDASH_1,Galarian,65,100,70,80,80,105,PSYCHIC,FAIRY,0,277,334,0.8293413173652695
79,SLOWPOKE_1,Galarian,90,65,65,40,40,15,PSYCHIC,,0,276,384,0.71875
80,SLOWBRO_1,Galarian,95,100,95,100,70,30,POISON,PSYCHIC,0,219,394,0.5558375634517766
80,SLOWBRO_2,Mega Slowbro,95,75,180,130,80,30,WATER,PSYCHIC,0,294,394,0.7461928934010152
83,FARFETCHD_1,Galarian,52,95,55,58,62,55,FIGHTING,,0,411,308,1.3344155844155845
88,GRIMER_1,Alolan,80,80,50,40,50,25,POISON,DARK,0,317,364,0.8708791208791209
89,MUK_1,Alolan,105,105,75,65,100,50,POISON,DARK,0,254,414,0.6135265700483091
94,GENGAR_1,Mega Gengar,60,65,80,170,95,130,GHOST,POISON,0,318,324,0.9814814814814815
103,EXEGGUTOR_1,Alolan,95,105,85,125,75,45,GRASS,DRAGON,0,451,394,1.1446700507614214
105,MAROWAK_1,Alolan,60,80,110,50,80,45,FIRE,GHOST,0,294,324,0.9074074074074074
110,WEEZING_1,Galarian,65,90,120,85,70,60,POISON,FAIRY,0,384,334,1.1497005988023952
115,KANGASKHAN_1,Mega Kangaskhan,105,125,100,60,100,100,NORMAL,,0,256,414,0.6183574879227053
122,MRMIME_1,Galarian,50,65,65,90,90,100,ICE,PSYCHIC,0,289,304,0.9506578947368421
127,PINSIR_1,Mega Pinsir,65,155,120,65,90,105,BUG,FLYING,0,440,334,1.3173652694610778
130,GYARADOS_1,Mega Gyarados,95,155,109,70,130,81,WATER,FLYING,0,324,394,0.8223350253807107
142,AERODACTYL_1,Mega Aerodactyl,80,135,85,70,95,150,ROCK,FLYING,0,264,364,0.7252747252747253
144,ARTICUNO_1,Galarian,90,85,85,125,100,95,PSYCHIC,FLYING,0,235,384,0.6119791666666666
145,ZAPDOS_1,Galarian,90,125,90,85,90,100,FIGHTING,FLYING,0,330,384,0.859375
146,MOLTRES_1,Galarian,90,85,90,100,125,90,DARK,FLYING,0,227,384,0.5911458333333334
150,MEWTWO_1,Mega Mewtwo X,106,190,100,154,100,130,PSYCHIC,FIGHTING,0,239,416,0.5745192307692307
150,MEWTWO_2,Mega Mewtwo Y,106,150,70,194,120,140,PSYCHIC,,0,264,416,0.6346153846153846
181,AMPHAROS_1,Mega Ampharos,90,95,105,165,110,45,ELECTRIC,DRAGON,0,208,384,0.5416666666666666
199,SLOWKING_1,Galarian,95,65,80,110,110,30,POISON,PSYCHIC,0,244,394,0.6192893401015228
208,STEELIX_1,Mega Steelix,75,125,230,55,95,30,STEEL,GROUND,0,264,354,0.7457627118644068
212,SCIZOR_1,Mega Scizor,70,150,140,100,75,65,BUG,STEEL,0,613,344,1.7819767441860466
214,HERACROSS_1,Mega Heracross,80,185,115,40,105,75,BUG,FIGHTING,0,435,364,1.195054945054945
222,CORSOLA_1,Galarian,60,55,100,65,100,30,GHOST,,0,188,324,0.5802469135802469
229,HOUNDOOM_1,Mega Houndoom,75,90,90,140,90,115,DARK,FIRE,0,274,354,0.7740112994350282
248,TYRANITAR_1,Mega Tyranitar,100,164,150,95,120,71,ROCK,DARK,0,385,404,0.9529702970297029
254,SCEPTILE_1,Mega Sceptile,70,110,75,145,85,145,GRASS,DRAGON,0,418,344,1.2151162790697674
257,BLAZIKEN_1,Mega Blaziken,80,160,80,130,80,100,FIRE,FIGHTING,0,355,364,0.9752747252747253
260,SWAMPERT_1,Mega Swampert,100,150,110,95,110,70,WATER,GROUND,0,480,404,1.188118811881188
263,ZIGZAGOON_1,Galarian,38,30,41,30,41,60,DARK,NORMAL,0,840,280,3.0
264,LINOONE_1,Galarian,78,70,61,50,61,100,DARK,NORMAL,0,689,360,1.913888888888889
282,GARDEVOIR_1,Mega Gardevoir,68,85,65,165,135,100,PSYCHIC,FAIRY,0,289,340,0.85
302,SABLEYE_1,Mega Sableye,50,85,125,85,115,20,DARK,GHOST,0,156,304,0.5131578947368421
303,MAWILE_1,Mega Mawile,50,105,125,55,95,50,STEEL,FAIRY,0,264,304,0.868421052631579
306,AGGRON_1,Mega Aggron,70,140,230,60,80,50,STEEL,,0,294,344,0.8546511627906976
308,MEDICHAM_1,Mega Medicham,60,100,85,80,85,100,FIGHTING,PSYCHIC,0,265,324,0.8179012345679012
310,MANECTRIC_1,Mega Manectric,70,75,80,135,80,135,ELECTRIC,,0,244,344,0.7093023255813954
319,SHARPEDO_1,Mega Sharpedo,70,140,70,110,65,105,WATER,DARK,0,333,344,0.9680232558139535
323,CAMERUPT_1,Mega Camerupt,70,120,100,145,105,20,FIRE,GROUND,0,495,344,1.438953488372093
334,ALTARIA_1,Mega Altaria,75,110,110,110,105,80,DRAGON,FAIRY,0,231,354,0.652542372881356
351,CASTFORM_1,Sunny Form,70,100,100,100,100,70,FIRE,,0,256,344,0.7441860465116279
351,CASTFORM_2,Rainy Form,70,100,100,100,100,70,WATER,,0,256,344,0.7441860465116279
351,CASTFORM_3,Snowy Form,70,100,100,100,100,70,ICE,,0,256,344,0.7441860465116279
351,CASTFORM_4,Windy Form,70,100,100,100,100,70,FLYING,,0,212,344,0.6162790697674418
354,BANETTE_1,Mega Banette,64,165,75,93,83,75,GHOST,,0,225,332,0.677710843373494
359,ABSOL_1,Mega Absol,65,150,60,115,60,115,DARK,,0,348,334,1.0419161676646707
362,GLALIE_1,Mega Glalie,80,120,80,120,80,100,ICE,,0,294,364,0.8076923076923077
373,SALAMENCE_1,Mega Salamence,95,145,130,120,90,120,DRAGON,FLYING,0,404,394,1.0253807106598984
376,METAGROSS_1,Mega Metagross,95,145,130,120,90,120,STEEL,PSYCHIC,0,274,394,0.6954314720812182
380,LATIAS_1,Mega Latias,80,100,120,140,150,110,DRAGON,PSYCHIC,0,187,364,0.5137362637362637
381,LATIOS_1,Mega Latios,80,130,100,160,120,110,DRAGON,PSYCHIC,0,212,364,0.5824175824175825
382,KYOGRE_1,Primal Kyogre,100,150,90,180,160,90,WATER,,0,229,404,0.5668316831683168
383,GROUDON_1,Primal Groudon,100,180,160,150,90,90,GROUND,FIRE,0,548,404,1.3564356435643565
384,RAYQUAZA_1,Mega Rayquaza,105,180,100,180,100,115,DRAGON,FLYING,0,377,414,0.9106280193236715
386,DEOXYS_1,Attack Forme,50,180,20,180,20,150,PSYCHIC,,0,453,304,1.4901315789473684
386,DEOXYS_2,Defense Forme,50,70,160,70,160,90,PSYCHIC,,0,151,304,0.4967105263157895
386,DEOXYS_3,Speed Forme,50,95,90,95,90,180,PSYCHIC,,0,227,304,0.7467105263157895
413,WORMADAM_1,Sandy Cloak,60,79,105,59,85,36,BUG,GROUND,0,284,324,0.8765432098765432
413,WORMADAM_2,Trash Cloak,60,69,95,69,95,36,BUG,STEEL,0,529,324,1.632716049382716
428,LOPUNNY_1,Mega Lopunny,65,136,94,54,96,135,NORMAL,FIGHTING,0,316,334,0.9461077844311377
445,GARCHOMP_1,Mega Garchomp,108,170,115,120,95,92,DRAGON,GROUND,0,390,420,0.9285714285714286
448,LUCARIO_1,Mega Lucario,70,145,88,140,70,112,FIGHTING,STEEL,0,319,344,0.9273255813953488
460,ABOMASNOW_1,Mega Abomasnow,90,132,105,132,105,30,GRASS,ICE,0,495,384,1.2890625
475,GALLADE_1,Mega Gallade,68,165,95,65,115,110,PSYCHIC,FIGHTING,0,247,340,0.7264705882352941
479,ROTOM_1,Heat Rotom,50,65,107,105,107,86,ELECTRIC,FIRE,0,328,304,1.0789473684210527
479,ROTOM_2,Wash Rotom,50,65,107,105,107,86,ELECTRIC,WATER,0,244,304,0.8026315789473685
479,ROTOM_3,Frost Rotom,50,65,107,105,107,86,ELECTRIC,ICE,0,244,304,0.8026315789473685
479,ROTOM_4,Fan Rotom,50,65,107,105,107,86,ELECTRIC,FLYING,0,202,304,0.6644736842105263
479,ROTOM_5,Mow Rotom,50,65,107,105,107,86,ELECTRIC,GRASS,0,244,304,0.8026315789473685
487,GIRATINA_1,Origin Forme,150,120,100,120,100,90,GHOST,DRAGON,0,222,504,0.44047619047619047
492,SHAYMIN_1,Sky Forme,100,103,75,120,75,127,GRASS,FLYING,0,451,404,1.1163366336633664
493,ARCEUS_1,Fighting Type,120,120,120,120,120,120,FIGHTING,,0,272,444,0.6126126126126126
493,ARCEUS_2,Flying Type,120,120,120,120,120,120,FLYING,,0,187,444,0.42117117117117114
493,ARCEUS_3,Poison Type,120,120,120,120,120,120,POISON,,0,272,444,0.6126126126126126
493,ARCEUS_4,Ground Type,120,120,120,120,120,120,GROUND,,0,226,444,0.509009009009009
493,ARCEUS_5,Rock Type,120,120,120,120,120,120,ROCK,,0,226,444,0.509009009009009
493,ARCEUS_6,Bug Type,120,120,120,120,120,120,BUG,,0,226,444,0.509009009009009
493,ARCEUS_7,Ghost Type,120,120,120,120,120,120,GHOST,,0,166,444,0.3738738738738739
493,ARCEUS_8,Steel Type,120,120,120,120,120,120,STEEL,,0,226,444,0.509009009009009
493,ARCEUS_10,Fire Type,120,120,120,120,120,120,FIRE,,0,226,444,0.509009009009009
493,ARCEUS_11,Water Type,120,120,120,120,120,120,WATER,,0,226,444,0.509009009009009
493,ARCEUS_12,Grass Type,120,120,120,120,120,120,GRASS,,0,226,444,0.509009009009009
493,ARCEUS_13,Electric Type,120,120,120,120,120,120,ELECTRIC,,0,187,444,0.42117117117117114
493,ARCEUS_14,Psychic Type,120,120,120,120,120,120,PSYCHIC,,0,187,444,0.42117117117117114
493,ARCEUS_15,Ice Type,120,120,120,120,120,120,ICE,,0,226,444,0.509009009009009
493,ARCEUS_16,Dragon Type,120,120,120,120,120,120,DRAGON,,0,196,444,0.44144144144144143
493,ARCEUS_17,Dark Type,120,120,120,120,120,120,DARK,,0,226,444,0.509009009009009
493,ARCEUS_18,Fairy Type,120,120,120,120,120,120,FAIRY,,0,211,444,0.4752252252252252
531,AUDINO_1,Mega Audino,103,60,126,80,126,50,NORMAL,,0,218,410,0.5317073170731708
554,DARUMAKA_2,Galarian,70,90,45,15,45,50,ICE,,0,402,344,1.1686046511627908
555,DARMANITAN_1,Zen Mode,105,30,105,140,105,55,FIRE,PSYCHIC,0,247,414,0.5966183574879227
555,DARMANITAN_2,Galarian,105,140,55,40,55,95,ICE,,0,364,414,0.8792270531400966
555,DARMANITAN_3,Galarian Zen Mode,105,160,55,30,55,135,ICE,FIRE,0,584,414,1.4106280193236715
562,YAMASK_1,Galarian,38,55,85,30,65,30,GROUND,GHOST,0,333,280,1.1892857142857143
618,STUNFISK_1,Galarian,109,81,99,66,84,32,GROUND,STEEL,0,286,422,0.6777251184834123
641,TORNADUS_1,Therian Forme,79,100,80,110,90,121,FLYING,,0,244,362,0.6740331491712708
642,THUNDURUS_1,Therian Forme,79,105,70,145,80,101,ELECTRIC,FLYING,0,264,362,0.7292817679558011
645,LANDORUS_1,Therian Forme,89,145,90,105,80,91,GROUND,FLYING,0,434,382,1.1361256544502618
646,KYUREM_1,White Kyurem,125,120,90,170,100,95,DRAGON,ICE,0,274,454,0.6035242290748899
646,KYUREM_2,Black Kyurem,125,170,100,120,90,95,DRAGON,ICE,0,256,454,0.5638766519823789
646,KYUREM_3,,125,120,90,170,100,95,DRAGON,ICE,0,274,454,0.6035242290748899
646,KYUREM_4,,125,170,100,120,90,95,DRAGON,ICE,0,256,454,0.5638766519823789
648,MELOETTA_1,Pirouette Forme,100,128,90,77,77,128,NORMAL,FIGHTING,0,363,404,0.8985148514851485
658,GRENINJA_2,Ash-Greninja,72,145,67,153,71,132,WATER,DARK,0,327,348,0.9396551724137931
670,FLOETTE_5,Eternal Flower,74,65,67,125,128,92,FAIRY,,0,284,352,0.8068181818181818
681,AEGISLASH_1,Blade Forme,60,140,50,140,50,60,STEEL,GHOST,0,382,324,1.1790123456790123
710,PUMPKABOO_2,Large Size,54,66,70,44,55,46,GHOST,GRASS,0,364,312,1.1666666666666667
710,PUMPKABOO_3,Super Size,59,66,70,44,55,41,GHOST,GRASS,0,364,322,1.1304347826086956
711,GOURGEIST_2,Large Size,75,95,122,58,75,69,GHOST,GRASS,0,306,354,0.864406779661017
711,GOURGEIST_3,Super Size,85,100,122,58,75,54,GHOST,GRASS,0,306,374,0.8181818181818182
718,ZYGARDE_1,10% Forme,54,100,71,61,85,115,DRAGON,GROUND,0,418,312,1.3397435897435896
718,ZYGARDE_2,Complete Forme,216,100,121,91,95,85,DRAGON,GROUND,0,390,636,0.6132075471698113
718,ZYGARDE_3,,216,100,121,91,95,85,DRAGON,GROUND,0,390,636,0.6132075471698113
719,DIANCIE_1,Mega Diancie,50,160,110,160,110,110,ROCK,FAIRY,0,448,304,1.4736842105263157
720,HOOPA_1,Hoopa Unbound,80,160,60,170,130,80,PSYCHIC,DARK,0,558,364,1.532967032967033
741,ORICORIO_1,Pom-Pom Style,75,70,70,98,70,93,ELECTRIC,FLYING,0,264,354,0.7457627118644068
741,ORICORIO_2,Pa'u Style,75,70,70,98,70,93,PSYCHIC,FLYING,0,264,354,0.7457627118644068
741,ORICORIO_3,Sensu Style,75,70,70,98,70,93,GHOST,FLYING,0,256,354,0.7231638418079096
745,LYCANROC_1,Midnight Form,85,115,75,55,75,82,ROCK,,0,306,374,0.8181818181818182
745,LYCANROC_2,Dusk Form,75,117,65,55,65,110,ROCK,,0,333,354,0.940677966101695
746,WISHIWASHI_1,School Form,45,140,130,140,135,30,WATER,,0,208,294,0.7074829931972789
773,SILVALLY_1,Type: Fighting,95,95,95,95,95,95,FIGHTING,,0,318,394,0.8071065989847716
773,SILVALLY_2,Type: Flying,95,95,95,95,95,95,FLYING,,0,219,394,0.5558375634517766
773,SILVALLY_3,Type: Poison,95,95,95,95,95,95,POISON,,0,318,394,0.8071065989847716
773,SILVALLY_4,Type: Ground,95,95,95,95,95,95,GROUND,,0,264,394,0.6700507614213198
773,SILVALLY_5,Type: Rock,95,95,95,95,95,95,ROCK,,0,264,394,0.6700507614213198
773,SILVALLY_6,Type: Bug,95,95,95,95,95,95,BUG,,0,264,394,0.6700507614213198
773,SILVALLY_7,Type: Ghost,95,95,95,95,95,95,GHOST,,0,195,394,0.4949238578680203
773,SILVALLY_8,Type: Steel,95,95,95,95,95,95,STEEL,,0,264,394,0.6700507614213198
773,SILVALLY_10,Type: Fire,95,95,95,95,95,95,FIRE,,0,264,394,0.6700507614213198
773,SILVALLY_11,Type: Water,95,95,95,95,95,95,WATER,,0,264,394,0.6700507614213198
773,SILVALLY_12,Type: Grass,95,95,95,95,95,95,GRASS,,0,264,394,0.6700507614213198
773,SILVALLY_13,Type: Electric,95,95,95,95,95,95,ELECTRIC,,0,219,394,0.5558375634517766
773,SILVALLY_14,Type: Psychic,95,95,95,95,95,95,PSYCHIC,,0,219,394,0.5558375634517766
773,SILVALLY_15,Type: Ice,95,95,95,95,95,95,ICE,,0,264,394,0.6700507614213198
773,SILVALLY_16,Type: Dragon,95,95,95,95,95,95,DRAGON,,0,229,394,0.5812182741116751
773,SILVALLY_17,Type: Dark,95,95,95,95,95,95,DARK,,0,264,394,0.6700507614213198
773,SILVALLY_18,Type: Fairy,95,95,95,95,95,95,FAIRY,,0,247,394,0.6269035532994924
774,MINIOR_7,Red Core,60,100,60,100,60,120,ROCK,FLYING,0,348,324,1.0740740740740742
774,MINIOR_8,Orange Core,60,100,60,100,60,120,ROCK,FLYING,0,348,324,1.0740740740740742
774,MINIOR_9,Yellow Core,60,100,60,100,60,120,ROCK,FLYING,0,348,324,1.0740740740740742
774,MINIOR_10,Green Core,60,100,60,100,60,120,ROCK,FLYING,0,348,324,1.0740740740740742
774,MINIOR_11,Blue Core,60,100,60,100,60,120,ROCK,FLYING,0,348,324,1.0740740740740742
774,MINIOR_12,Indigo Core,60,100,60,100,60,120,ROCK,FLYING,0,348,324,1.0740740740740742
774,MINIOR_13,Violet Core,60,100,60,100,60,120,ROCK,FLYING,0,348,324,1.0740740740740742
800,NECROZMA_1,Dusk Mane,97,157,127,113,109,77,PSYCHIC,STEEL,0,241,398,0.6055276381909548
800,NECROZMA_2,Dawn Wings,97,113,109,157,127,77,PSYCHIC,GHOST,0,356,398,0.8944723618090452
800,NECROZMA_3,Ultra Necrozma,97,167,97,167,97,129,PSYCHIC,DRAGON,0,226,398,0.5678391959798995
800,NECROZMA_4,,97,167,97,167,97,129,PSYCHIC,DRAGON,0,226,398,0.5678391959798995
875,EISCUE_1,Noice Face,75,80,70,65,50,130,ICE,,0,382,354,1.07909604519774
876,INDEEDEE_1,Female,70,55,65,95,105,85,PSYCHIC,NORMAL,0,276,344,0.8023255813953488
888,ZACIAN_1,Crowned Sword,92,150,115,80,115,148,FAIRY,STEEL,0,233,388,0.6005154639175257
889,ZAMAZENTA_1,Crowned Shield,92,120,140,80,140,128,FIGHTING,STEEL,0,202,388,0.520618556701031
892,URSHIFU_1,Rapid Strike Style,100,130,100,63,60,97,FIGHTING,WATER,0,418,404,1.0346534653465347
898,CALYREX_1,Ice Rider,100,165,150,85,130,50,PSYCHIC,ICE,0,213,404,0.5272277227722773
