Pokémon,HP,Atk,Def,SpAtk,SpDef,Speed,Type,Type,Damage Dealt,Damage Taken,HP,Num KO
1,BULBASAUR,,45,49,49,65,65,45,GRASS,POISON,0,23410,294,79.62585034013605
2,IVYSAUR,,60,62,63,80,80,60,GRASS,POISON,0,20647,324,63.72530864197531
3,VENUSAUR,,80,82,83,100,100,80,GRASS,POISON,0,17733,364,48.717032967032964
4,CHARMANDER,,39,52,43,60,50,65,FIRE,,0,23766,282,84.27659574468085
5,CHARMELEON,,58,64,58,80,65,80,FIRE,,0,20586,320,64.33125
6,CHARIZARD,,78,84,78,109,85,100,FIRE,FLYING,0,17101,360,47.50277777777778
7,SQUIRTLE,,44,48,65,50,64,43,WATER,,0,20289,292,69.48287671232876
8,WARTORTLE,,59,63,80,65,80,58,WATER,,0,17923,322,55.661490683229815
9,BLASTOISE,,79,83,100,85,105,78,WATER,,0,15376,362,42.47513812154696
10,CATERPIE,,45,30,35,20,20,45,BUG,,0,31660,294,107.68707482993197
11,METAPOD,,50,20,55,25,25,30,BUG,,0,27644,304,90.9342105263158
12,BUTTERFREE,,60,45,50,90,80,70,BUG,FLYING,0,23317,324,71.96604938271605
13,WEEDLE,,40,35,30,20,20,50,BUG,POISON,0,32674,284,115.04929577464789
14,KAKUNA,,45,25,50,25,25,35,BUG,POISON,0,28335,294,96.37755102040816
15,BEEDRILL,,65,90,40,45,80,75,BUG,POISON,0,23440,334,70.17964071856288
16,PIDGEY,,40,45,40,35,35,56,NORMAL,FLYING,0,25694,284,90.47183098591549
17,PIDGEOTTO,,63,60,55,50,50,71,NORMAL,FLYING,0,21996,330,66.65454545454546
18,PIDGEOT,,83,80,75,70,70,101,NORMAL,FLYING,0,18446,370,49.85405405405405
19,RATTATA,,30,56,35,25,35,72,NORMAL,,0,28167,264,106.69318181818181
20,RATICATE,,55,81,60,50,70,97,NORMAL,,0,21089,314,67.1624203821656
21,SPEAROW,,40,60,30,31,31,70,NORMAL,FLYING,0,27959,284,98.44718309859155
22,FEAROW,,65,90,65,61,61,100,NORMAL,FLYING,0,19941,334,59.703592814371255
23,EKANS,,35,60,44,40,54,55,POISON,,0,23021,274,84.01824817518248
24,ARBOK,,60,95,69,65,79,80,POISON,,0,18392,324,56.76543209876543
25,PIKACHU,,35,55,40,50,50,90,ELECTRIC,,0,23778,274,86.78102189781022
26,RAICHU,,60,90,55,90,80,110,ELECTRIC,,0,19609,324,60.52160493827161
27,SANDSHREW,,50,75,85,20,30,40,GROUND,,0,24577,304,80.84539473684211
28,SANDSLASH,,75,100,110,45,55,65,GROUND,,0,19652,354,55.51412429378531
29,NIDORANfE,,55,47,52,40,40,41,POISON,,0,23524,314,74.9171974522293
30,NIDORINA,,70,62,67,55,55,56,POISON,,0,20398,344,59.29651162790697
31,NIDOQUEEN,,90,92,87,75,85,76,POISON,GROUND,0,17970,384,46.796875
32,NIDORANmA,,46,57,40,40,40,50,POISON,,0,25160,296,85.0
33,NIDORINO,,61,72,57,55,55,65,POISON,,0,21376,326,65.57055214723927
34,NIDOKING,,81,102,77,85,75,85,POISON,GROUND,0,19334,366,52.82513661202186
35,CLEFAIRY,,70,45,48,60,65,35,FAIRY,,0,20788,344,60.43023255813954
36,CLEFABLE,,95,70,73,95,90,60,FAIRY,,0,16877,394,42.83502538071066
37,VULPIX,,38,41,40,50,65,65,FIRE,,0,22988,280,82.1
38,NINETALES,,73,76,75,81,100,100,FIRE,,0,17024,350,48.64
39,JIGGLYPUFF,,115,45,20,45,25,20,NORMAL,FAIRY,0,30421,434,70.09447004608295
40,WIGGLYTUFF,,140,70,45,85,50,45,NORMAL,FAIRY,0,22641,484,46.77892561983471
41,ZUBAT,,40,45,35,30,40,55,POISON,FLYING,0,25380,284,89.36619718309859
42,GOLBAT,,75,80,70,65,75,90,POISON,FLYING,0,18197,354,51.40395480225989
43,ODDISH,,45,50,55,75,65,30,GRASS,POISON,0,22699,294,77.20748299319727
44,GLOOM,,60,65,70,85,75,40,GRASS,POISON,0,20328,324,62.74074074074074
45,VILEPLUME,,75,80,85,110,90,50,GRASS,POISON,0,18162,354,51.30508474576271
46,PARAS,,35,70,55,45,55,25,BUG,GRASS,0,30101,274,109.85766423357664
47,PARASECT,,60,95,80,60,80,30,BUG,GRASS,0,24335,324,75.10802469135803
48,VENONAT,,60,55,50,40,55,45,BUG,POISON,0,24060,324,74.25925925925925
49,VENOMOTH,,70,65,60,90,75,90,BUG,POISON,0,21134,344,61.43604651162791
50,DIGLETT,,10,55,25,35,45,95,GROUND,,0,30560,224,136.42857142857142
51,DUGTRIO,,35,100,50,50,70,120,GROUND,,0,23497,274,85.75547445255475
52,MEOWTH,,40,45,35,40,40,90,NORMAL,,0,27540,284,96.97183098591549
53,PERSIAN,,65,70,60,65,65,115,NORMAL,,0,21425,334,64.14670658682634
54,PSYDUCK,,50,52,48,65,50,55,WATER,,0,23495,304,77.28618421052632
55,GOLDUCK,,80,82,78,95,80,85,WATER,,0,18078,364,49.66483516483517
56,MANKEY,,40,80,35,35,45,70,FIGHTING,,0,27730,284,97.64084507042253
57,PRIMEAPE,,65,105,60,60,70,95,FIGHTING,,0,21727,334,65.05089820359281
58,GROWLITHE,,55,70,45,70,50,60,FIRE,,0,23483,314,74.78662420382166
59,ARCANINE,,90,110,80,100,80,95,FIRE,,0,17605,384,45.846354166666664
60,POLIWAG,,40,50,40,40,40,90,WATER,,0,25818,284,90.90845070422536
61,POLIWHIRL,,65,65,65,50,50,90,WATER,,0,21516,334,64.41916167664671
62,POLIWRATH,,90,95,95,70,90,70,WATER,FIGHTING,0,17661,384,45.9921875
63,ABRA,,25,20,15,105,55,90,PSYCHIC,,0,31744,254,124.97637795275591
64,KADABRA,,40,35,30,120,70,105,PSYCHIC,,0,26425,284,93.04577464788733
65,ALAKAZAM,,55,50,45,135,95,120,PSYCHIC,,0,22175,314,70.62101910828025
66,MACHOP,,70,80,50,35,35,35,FIGHTING,,0,26792,344,77.88372093023256
67,MACHOKE,,80,100,70,50,60,45,FIGHTING,,0,21600,364,59.34065934065934
68,MACHAMP,,90,130,80,65,85,55,FIGHTING,,0,18833,384,49.044270833333336
69,BELLSPROUT,,50,75,35,70,30,40,GRASS,POISON,0,29872,304,98.26315789473684
70,WEEPINBELL,,65,90,50,85,45,55,GRASS,POISON,0,25321,334,75.81137724550898
71,VICTREEBEL,,80,105,65,100,70,70,GRASS,POISON,0,21155,364,58.11813186813187
72,TENTACOOL,,40,40,35,50,100,70,WATER,POISON,0,20853,284,73.42605633802818
73,TENTACRUEL,,80,70,65,80,120,100,WATER,POISON,0,16390,364,45.027472527472526
74,GEODUDE,,40,80,100,30,30,20,ROCK,GROUND,0,30129,284,106.08802816901408
75,GRAVELER,,55,95,115,45,45,35,ROCK,GROUND,0,26195,314,83.42356687898089
76,GOLEM,,80,120,130,55,65,45,ROCK,GROUND,0,22610,364,62.11538461538461
77,PONYTA,,50,85,55,65,65,90,FIRE,,0,20971,304,68.98355263157895
78,RAPIDASH,,65,100,70,80,80,105,FIRE,,0,18459,334,55.26646706586826
79,SLOWPOKE,,90,65,65,40,40,15,WATER,PSYCHIC,0,24027,384,62.5703125
80,SLOWBRO,,95,75,110,100,80,30,WATER,PSYCHIC,0,17054,394,43.28426395939086
81,MAGNEMITE,,25,35,70,95,55,45,ELECTRIC,STEEL,0,18351,254,72.24803149606299
82,MAGNETON,,50,60,95,120,70,70,ELECTRIC,STEEL,0,15590,304,51.2828947368421
83,FARFETCHD,,52,90,55,58,62,60,NORMAL,FLYING,0,20935,308,67.97077922077922
84,DODUO,,35,85,45,35,35,75,NORMAL,FLYING,0,24952,274,91.06569343065694
85,DODRIO,,60,110,70,60,60,110,NORMAL,FLYING,0,19616,324,60.54320987654321
86,SEEL,,65,45,55,45,70,45,WATER,,0,21005,334,62.88922155688623
87,DEWGONG,,90,70,80,70,95,70,WATER,ICE,0,19747,384,51.424479166666664
88,GRIMER,,80,80,50,40,50,25,POISON,,0,22613,364,62.12362637362637
89,MUK,,105,105,75,65,100,50,POISON,,0,16822,414,40.632850241545896
90,SHELLDER,,30,65,100,45,25,40,WATER,,0,22243,264,84.25378787878788
91,CLOYSTER,,50,95,180,85,45,70,WATER,ICE,0,18765,304,61.72697368421053
92,GASTLY,,30,35,30,100,35,80,GHOST,POISON,0,23746,264,89.9469696969697
93,HAUNTER,,45,50,45,115,55,95,GHOST,POISON,0,19702,294,67.01360544217687
94,GENGAR,,60,65,60,130,75,110,GHOST,POISON,0,16819,324,51.910493827160494
95,ONIX,,35,45,160,30,45,70,ROCK,GROUND,0,23931,274,87.33941605839416
96,DROWZEE,,60,48,45,43,90,42,PSYCHIC,,0,22456,324,69.30864197530865
97,HYPNO,,85,73,70,73,115,67,PSYCHIC,,0,18248,374,48.79144385026738
98,KRABBY,,30,105,90,25,25,50,WATER,,0,22888,264,86.6969696969697
99,KINGLER,,55,130,115,50,50,75,WATER,,0,18114,314,57.68789808917197
100,VOLTORB,,40,30,50,55,55,100,ELECTRIC,,0,21931,284,77.22183098591549
101,ELECTRODE,,60,50,70,80,80,150,ELECTRIC,,0,18091,324,55.83641975308642
102,EXEGGCUTE,,60,40,80,60,45,40,GRASS,PSYCHIC,0,25858,324,79.80864197530865
103,EXEGGUTOR,,95,95,85,125,75,55,GRASS,PSYCHIC,0,22424,394,56.91370558375635
104,CUBONE,,50,50,95,40,50,35,GROUND,,0,21049,304,69.24013157894737
105,MAROWAK,,60,80,110,50,80,45,GROUND,,0,17577,324,54.25
106,HITMONLEE,,50,120,53,35,110,87,FIGHTING,,0,20186,304,66.40131578947368
107,HITMONCHAN,,50,105,79,35,110,76,FIGHTING,,0,17595,304,57.87828947368421
108,LICKITUNG,,90,55,75,60,75,30,NORMAL,,0,19249,384,50.127604166666664
109,KOFFING,,40,65,95,60,45,35,POISON,,0,19361,284,68.1725352112676
110,WEEZING,,65,90,120,85,70,60,POISON,,0,15910,334,47.634730538922156
111,RHYHORN,,80,85,95,30,30,25,GROUND,ROCK,0,30508,364,83.81318681318682
112,RHYDON,,105,130,120,45,45,40,GROUND,ROCK,0,25887,414,62.528985507246375
113,CHANSEY,,250,5,5,35,105,50,NORMAL,,0,31801,704,45.171875
114,TANGELA,,65,55,115,100,40,60,GRASS,,0,21683,334,64.91916167664671
115,KANGASKHAN,,105,95,80,40,80,90,NORMAL,,0,18514,414,44.71980676328502
116,HORSEA,,30,40,70,70,25,60,WATER,,0,24417,264,92.48863636363636
117,SEADRA,,55,65,95,95,45,85,WATER,,0,19726,314,62.82165605095541
118,GOLDEEN,,45,67,60,35,50,63,WATER,,0,22040,294,74.96598639455782
119,SEAKING,,80,92,65,65,80,68,WATER,,0,19217,364,52.793956043956044
120,STARYU,,30,45,55,70,55,85,WATER,,0,22211,264,84.13257575757575
121,STARMIE,,60,75,85,100,85,115,WATER,PSYCHIC,0,18461,324,56.97839506172839
122,MRMIME,,40,45,65,100,120,90,PSYCHIC,FAIRY,0,16874,284,59.41549295774648
123,SCYTHER,,70,110,80,55,80,105,BUG,FLYING,0,20116,344,58.47674418604651
124,JYNX,,65,50,35,115,95,95,ICE,PSYCHIC,0,27629,334,82.72155688622755
125,ELECTABUZZ,,65,83,57,95,85,105,ELECTRIC,,0,19080,334,57.125748502994014
126,MAGMAR,,65,95,57,100,85,93,FIRE,,0,19475,334,58.308383233532936
127,PINSIR,,65,125,100,55,70,85,BUG,,0,18344,334,54.92215568862275
128,TAUROS,,75,100,95,40,70,110,NORMAL,,0,18063,354,51.02542372881356
129,MAGIKARP,,20,10,55,15,20,80,WATER,,0,26942,244,110.41803278688525
130,GYARADOS,,95,125,79,60,100,81,WATER,FLYING,0,16313,394,41.40355329949239
131,LAPRAS,,130,85,80,85,95,60,WATER,ICE,0,19747,464,42.55818965517241
132,DITTO,,48,48,48,48,48,48,NORMAL,,0,24481,300,81.60333333333334
133,EEVEE,,55,55,50,45,65,55,NORMAL,,0,22670,314,72.19745222929936
134,VAPOREON,,130,65,60,110,95,65,WATER,,0,18952,464,40.8448275862069
135,JOLTEON,,65,65,60,110,95,130,ELECTRIC,,0,18259,334,54.66766467065868
136,FLAREON,,65,130,60,95,110,65,FIRE,,0,18006,334,53.91017964071856
137,PORYGON,,65,60,70,85,75,40,NORMAL,,0,19729,334,59.0688622754491
138,OMANYTE,,35,40,100,90,55,35,ROCK,WATER,0,21788,274,79.51824817518248
139,OMASTAR,,70,60,125,115,70,55,ROCK,WATER,0,18901,344,54.94476744186046
140,KABUTO,,30,80,90,55,45,55,ROCK,WATER,0,23700,264,89.77272727272727
141,KABUTOPS,,60,115,105,65,70,80,ROCK,WATER,0,20019,324,61.78703703703704
142,AERODACTYL,,80,105,65,60,75,130,ROCK,FLYING,0,19248,364,52.879120879120876
143,SNORLAX,,160,110,65,65,110,30,NORMAL,,0,18461,524,35.23091603053435
144,ARTICUNO,,90,85,100,95,125,85,ICE,FLYING,0,16705,384,43.502604166666664
145,ZAPDOS,,90,90,85,125,90,100,ELECTRIC,FLYING,0,14828,384,38.614583333333336
146,MOLTRES,,90,100,90,125,85,90,FIRE,FLYING,0,16339,384,42.549479166666664
147,DRATINI,,41,64,45,50,50,50,DRAGON,,0,22777,286,79.63986013986013
148,DRAGONAIR,,61,84,65,70,70,70,DRAGON,,0,18929,326,58.06441717791411
149,DRAGONITE,,91,134,95,100,100,80,DRAGON,FLYING,0,15173,386,39.30829015544042
150,MEWTWO,,106,110,90,154,90,130,PSYCHIC,,0,17695,416,42.53605769230769
151,MEW,,100,100,100,100,100,100,PSYCHIC,,24365159,16487,404,40.80940594059406
152,CHIKORITA,,45,49,65,49,65,45,GRASS,,0,22852,294,77.72789115646259
153,BAYLEEF,,60,62,80,63,80,60,GRASS,,0,20260,324,62.53086419753087
154,MEGANIUM,,80,82,100,83,100,80,GRASS,,0,17633,364,48.44230769230769
155,CYNDAQUIL,,39,52,43,60,50,65,FIRE,,0,23766,282,84.27659574468085
156,QUILAVA,,58,64,58,80,65,80,FIRE,,0,20586,320,64.33125
157,TYPHLOSION,,78,84,78,109,85,100,FIRE,,0,17501,360,48.61388888888889
158,TOTODILE,,50,65,64,44,48,43,WATER,,0,21831,304,71.8125
159,CROCONAW,,65,80,80,59,63,58,WATER,,0,19069,334,57.09281437125748
160,FERALIGATR,,85,105,100,79,83,78,WATER,,0,16433,374,43.93850267379679
161,SENTRET,,35,46,34,35,45,20,NORMAL,,0,27140,274,99.05109489051095
162,FURRET,,85,76,64,45,55,90,NORMAL,,0,21848,374,58.41711229946524
163,HOOTHOOT,,60,30,30,36,56,50,NORMAL,FLYING,0,25042,324,77.29012345679013
164,NOCTOWL,,100,50,50,86,96,70,NORMAL,FLYING,0,19398,404,48.01485148514851
165,LEDYBA,,40,20,30,40,80,55,BUG,FLYING,0,26777,284,94.28521126760563
166,LEDIAN,,55,35,50,85,110,85,BUG,FLYING,0,21604,314,68.80254777070064
167,SPINARAK,,40,60,40,40,40,30,BUG,POISON,0,27310,284,96.16197183098592
168,ARIADOS,,70,90,70,60,70,40,BUG,POISON,0,20566,344,59.78488372093023
169,CROBAT,,85,90,80,70,80,130,POISON,FLYING,0,17114,374,45.75935828877005
170,CHINCHOU,,75,38,38,56,56,67,WATER,ELECTRIC,0,23464,354,66.28248587570621
171,LANTURN,,125,58,58,76,76,67,WATER,ELECTRIC,0,19442,454,42.82378854625551
172,PICHU,,20,40,15,35,35,60,ELECTRIC,,0,30806,244,126.25409836065573
173,CLEFFA,,50,25,28,45,55,15,FAIRY,,0,24736,304,81.36842105263158
174,IGGLYBUFF,,90,30,15,40,20,15,NORMAL,FAIRY,0,32680,384,85.10416666666667
175,TOGEPI,,35,20,65,40,65,20,FAIRY,,0,18983,274,69.28102189781022
176,TOGETIC,,55,40,85,80,105,40,FAIRY,FLYING,0,15353,314,48.894904458598724
177,NATU,,40,50,45,70,45,70,PSYCHIC,FLYING,0,24843,284,87.47535211267606
178,XATU,,65,75,70,95,70,95,PSYCHIC,FLYING,0,19762,334,59.16766467065868
179,MAREEP,,55,40,40,65,45,35,ELECTRIC,,0,24288,314,77.35031847133757
180,FLAAFFY,,70,55,55,80,60,45,ELECTRIC,,0,20943,344,60.88081395348837
181,AMPHAROS,,90,75,85,115,90,55,ELECTRIC,,0,16428,384,42.78125
182,BELLOSSOM,,75,80,95,90,100,50,GRASS,,0,17962,354,50.740112994350284
183,MARILL,,70,20,50,20,50,40,WATER,FAIRY,0,21571,344,62.70639534883721
184,AZUMARILL,,100,50,80,60,80,50,WATER,FAIRY,0,16652,404,41.21782178217822
185,SUDOWOODO,,70,100,115,30,65,30,ROCK,,0,19004,344,55.24418604651163
186,POLITOED,,90,75,75,90,100,70,WATER,,0,17318,384,45.098958333333336
187,HOPPIP,,35,35,40,35,55,50,GRASS,FLYING,0,27210,274,99.30656934306569
188,SKIPLOOM,,55,45,50,45,65,80,GRASS,FLYING,0,24612,314,78.38216560509554
189,JUMPLUFF,,75,55,70,55,95,110,GRASS,FLYING,0,20205,354,57.07627118644068
190,AIPOM,,55,70,55,40,55,85,NORMAL,,0,22931,314,73.02866242038216
191,SUNKERN,,30,30,30,30,30,30,GRASS,,0,32733,264,123.98863636363636
192,SUNFLORA,,75,75,55,105,85,30,GRASS,,0,22725,354,64.19491525423729
193,YANMA,,65,65,45,75,45,95,BUG,FLYING,0,27425,334,82.11077844311377
194,WOOPER,,55,45,45,25,25,15,WATER,GROUND,0,29342,314,93.44585987261146
195,QUAGSIRE,,95,85,85,65,65,35,WATER,GROUND,0,19992,394,50.74111675126903
196,ESPEON,,65,65,60,130,95,110,PSYCHIC,,0,20135,334,60.28443113772455
197,UMBREON,,95,65,110,60,130,65,DARK,,0,14390,394,36.52284263959391
198,MURKROW,,60,85,42,85,42,91,DARK,FLYING,0,23703,324,73.1574074074074
199,SLOWKING,,95,75,80,100,110,30,WATER,PSYCHIC,0,17656,394,44.81218274111675
200,MISDREAVUS,,60,60,60,85,85,85,GHOST,,0,15516,324,47.888888888888886
201,UNOWN,,48,72,48,72,48,48,PSYCHIC,,0,25040,300,83.46666666666667
202,WOBBUFFET,,190,33,58,33,58,33,PSYCHIC,,0,22752,584,38.95890410958904
203,GIRAFARIG,,70,80,65,90,65,85,NORMAL,PSYCHIC,0,20982,344,60.99418604651163
204,PINECO,,50,65,90,35,35,15,BUG,,0,22735,304,74.78618421052632
205,FORRETRESS,,75,90,140,60,60,40,BUG,STEEL,0,15239,354,43.048022598870055
206,DUNSPARCE,,100,70,70,65,65,45,NORMAL,,0,20407,404,50.51237623762376
207,GLIGAR,,65,75,105,35,65,85,GROUND,FLYING,0,17436,334,52.203592814371255
208,STEELIX,,75,85,200,55,65,30,STEEL,GROUND,0,13161,354,37.17796610169491
209,SNUBBULL,,60,80,50,40,40,30,FAIRY,,0,22912,324,70.71604938271605
210,GRANBULL,,90,120,75,60,60,45,FAIRY,,0,18572,384,48.364583333333336
211,QWILFISH,,65,95,85,55,55,85,WATER,POISON,0,18476,334,55.31736526946108
212,SCIZOR,,70,130,100,55,80,65,BUG,STEEL,0,15357,344,44.64244186046512
213,SHUCKLE,,20,10,230,10,230,5,BUG,ROCK,0,8830,244,36.18852459016394
214,HERACROSS,,80,125,75,40,95,85,BUG,FIGHTING,0,20499,364,56.315934065934066
215,SNEASEL,,55,95,55,35,75,115,DARK,ICE,0,27024,314,86.06369426751593
216,TEDDIURSA,,60,80,50,50,50,40,NORMAL,,0,23970,324,73.98148148148148
217,URSARING,,90,130,75,75,75,55,NORMAL,,0,19249,384,50.127604166666664
218,SLUGMA,,40,40,40,70,40,20,FIRE,,0,25357,284,89.28521126760563
219,MAGCARGO,,60,50,120,90,80,30,FIRE,ROCK,0,18693,324,57.69444444444444
220,SWINUB,,50,50,40,30,30,50,ICE,GROUND,0,34180,304,112.4342105263158
221,PILOSWINE,,100,100,80,60,60,50,ICE,GROUND,0,24316,404,60.18811881188119
222,CORSOLA,,65,55,95,65,95,35,WATER,ROCK,0,18966,334,56.78443113772455
223,REMORAID,,35,65,35,65,35,65,WATER,,0,27280,274,99.56204379562044
224,OCTILLERY,,75,105,75,105,75,45,WATER,,0,18641,354,52.65819209039548
225,DELIBIRD,,45,55,45,65,45,75,ICE,FLYING,0,27953,294,95.078231292517
226,MANTINE,,85,40,70,80,140,70,WATER,FLYING,0,15596,374,41.70053475935829
227,SKARMORY,,65,80,140,40,70,70,STEEL,FLYING,0,11763,334,35.2185628742515
228,HOUNDOUR,,45,60,30,80,50,65,DARK,FIRE,0,26169,294,89.01020408163265
229,HOUNDOOM,,75,90,50,110,80,95,DARK,FIRE,0,20710,354,58.50282485875706
230,KINGDRA,,75,95,95,95,95,85,WATER,DRAGON,0,14820,354,41.86440677966102
231,PHANPY,,90,60,60,40,40,40,GROUND,,0,25350,384,66.015625
232,DONPHAN,,90,120,120,60,60,50,GROUND,,0,18636,384,48.53125
233,PORYGON2,,85,80,90,105,95,60,NORMAL,,0,17018,374,45.50267379679144
234,STANTLER,,73,95,62,85,65,85,NORMAL,,0,21213,350,60.60857142857143
235,SMEARGLE,,55,20,35,20,45,75,NORMAL,,0,26944,314,85.80891719745223
236,TYROGUE,,35,35,35,35,35,35,FIGHTING,,0,29129,274,106.31021897810218
237,HITMONTOP,,50,95,95,35,110,70,FIGHTING,,0,16464,304,54.1578947368421
238,SMOOCHUM,,45,30,15,85,65,65,ICE,PSYCHIC,0,35634,294,121.20408163265306
239,ELEKID,,45,63,37,65,55,95,ELECTRIC,,0,23823,294,81.03061224489795
240,MAGBY,,45,75,37,70,55,83,FIRE,,0,24312,294,82.6938775510204
241,MILTANK,,95,80,105,40,70,100,NORMAL,,0,17452,394,44.29441624365482
242,BLISSEY,,255,10,10,75,135,55,NORMAL,,0,28657,714,40.135854341736696
243,RAIKOU,,90,85,75,115,100,115,ELECTRIC,,0,16685,384,43.450520833333336
244,ENTEI,,115,115,85,90,75,100,FIRE,,0,17562,434,40.465437788018434
245,SUICUNE,,100,75,115,90,115,85,WATER,,0,14188,404,35.118811881188115
246,LARVITAR,,50,64,50,45,50,41,ROCK,GROUND,0,32145,304,105.74013157894737
247,PUPITAR,,70,84,70,65,70,51,ROCK,GROUND,0,26908,344,78.22093023255815
248,TYRANITAR,,100,134,110,95,100,61,ROCK,DARK,0,18630,404,46.113861386138616
249,LUGIA,,106,90,130,90,154,110,PSYCHIC,FLYING,0,12567,416,30.209134615384617
250,HOOH,,106,130,90,110,154,90,FIRE,FLYING,0,13807,416,33.18990384615385
251,CELEBI,,100,100,100,100,100,100,PSYCHIC,GRASS,0,19593,404,48.49752475247525
252,TREECKO,,40,45,35,65,55,70,GRASS,,0,28364,284,99.87323943661971
253,GROVYLE,,50,65,45,85,65,95,GRASS,,0,25571,304,84.11513157894737
254,SCEPTILE,,70,85,65,105,85,120,GRASS,,0,21445,344,62.34011627906977
255,TORCHIC,,45,60,40,70,50,45,FIRE,,0,24257,294,82.50680272108843
256,COMBUSKEN,,60,85,60,85,60,55,FIRE,FIGHTING,0,22099,324,68.20679012345678
257,BLAZIKEN,,80,120,70,110,70,80,FIRE,FIGHTING,0,20317,364,55.815934065934066
258,MUDKIP,,50,70,50,50,50,40,WATER,,0,23217,304,76.3717105263158
259,MARSHTOMP,,70,85,70,60,70,50,WATER,GROUND,0,20912,344,60.7906976744186
260,SWAMPERT,,100,110,90,85,90,60,WATER,GROUND,0,18004,404,44.56435643564357
261,POOCHYENA,,35,55,35,30,30,35,DARK,,0,28854,274,105.30656934306569
262,MIGHTYENA,,70,90,70,60,60,70,DARK,,0,20783,344,60.4156976744186
263,ZIGZAGOON,,38,30,41,30,41,60,NORMAL,,0,26347,280,94.09642857142858
264,LINOONE,,78,70,61,50,61,100,NORMAL,,0,21632,360,60.08888888888889
265,WURMPLE,,45,45,35,20,30,20,BUG,,0,29702,294,101.02721088435374
266,SILCOON,,50,35,55,25,25,15,BUG,,0,27644,304,90.9342105263158
267,BEAUTIFLY,,60,70,50,100,50,65,BUG,FLYING,0,26055,324,80.41666666666667
268,CASCOON,,50,35,55,25,25,15,BUG,,0,27644,304,90.9342105263158
269,DUSTOX,,60,50,70,50,90,65,BUG,POISON,0,19241,324,59.385802469135804
270,LOTAD,,40,30,30,40,50,30,WATER,GRASS,0,27668,284,97.4225352112676
271,LOMBRE,,60,50,50,60,70,50,WATER,GRASS,0,22535,324,69.55246913580247
272,LUDICOLO,,80,70,70,90,100,70,WATER,GRASS,0,18585,364,51.05769230769231
273,SEEDOT,,40,40,50,30,30,30,GRASS,,0,29031,284,102.22183098591549
274,NUZLEAF,,70,70,40,60,40,60,GRASS,DARK,0,31749,344,92.2936046511628
275,SHIFTRY,,90,100,60,90,60,80,GRASS,DARK,0,26026,384,67.77604166666667
276,TAILLOW,,40,55,30,30,30,85,NORMAL,FLYING,0,28108,284,98.97183098591549
277,SWELLOW,,60,85,60,75,50,125,NORMAL,FLYING,0,21420,324,66.11111111111111
278,WINGULL,,40,30,30,55,30,85,WATER,FLYING,0,27912,284,98.28169014084507
279,PELIPPER,,60,50,100,95,70,65,WATER,FLYING,0,16738,324,51.660493827160494
280,RALTS,,28,25,25,45,35,40,PSYCHIC,FAIRY,0,28374,260,109.13076923076923
281,KIRLIA,,38,35,35,65,55,50,PSYCHIC,FAIRY,0,24276,280,86.7
282,GARDEVOIR,,68,65,65,125,115,80,PSYCHIC,FAIRY,0,17044,340,50.129411764705885
283,SURSKIT,,40,30,32,50,52,65,BUG,WATER,0,25703,284,90.50352112676056
284,MASQUERAIN,,70,60,62,100,82,80,BUG,FLYING,0,21703,344,63.09011627906977
285,SHROOMISH,,60,40,60,40,60,35,GRASS,,0,23895,324,73.75
286,BRELOOM,,60,130,80,60,60,70,GRASS,FIGHTING,0,23843,324,73.5895061728395
287,SLAKOTH,,60,60,60,35,35,30,NORMAL,,0,24478,324,75.54938271604938
288,VIGOROTH,,80,80,80,55,55,90,NORMAL,,0,20356,364,55.92307692307692
289,SLAKING,,150,110,80,65,65,100,NORMAL,,0,19491,504,38.67261904761905
290,NINCADA,,31,45,90,30,30,40,BUG,GROUND,0,24715,266,92.91353383458646
291,NINJASK,,61,90,45,50,50,160,BUG,FLYING,0,26789,326,82.17484662576688
292,SHEDINJA,,1,90,45,30,30,40,BUG,GHOST,0,24045,1,24045.0
293,WHISMUR,,64,51,23,51,23,28,NORMAL,,0,32727,332,98.57530120481928
294,LOUDRED,,84,71,43,71,43,48,NORMAL,,0,25757,372,69.23924731182795
295,EXPLOUD,,104,91,63,91,73,68,NORMAL,,0,20546,412,49.86893203883495
296,MAKUHITA,,72,60,30,20,30,25,FIGHTING,,0,30927,348,88.87068965517241
297,HARIYAMA,,144,120,60,40,60,50,FIGHTING,,0,22576,492,45.886178861788615
298,AZURILL,,50,20,40,20,40,20,NORMAL,FAIRY,0,24467,304,80.48355263157895
299,NOSEPASS,,30,45,135,45,90,30,ROCK,,0,16336,264,61.878787878787875
300,SKITTY,,50,60,45,35,35,60,NORMAL,,0,26457,304,87.02960526315789
301,DELCATTY,,70,85,65,55,55,90,NORMAL,,0,21734,344,63.18023255813954
302,SABLEYE,,50,75,75,65,65,50,DARK,GHOST,0,13684,304,45.01315789473684
303,MAWILE,,50,85,85,55,55,50,STEEL,FAIRY,0,14605,304,48.04276315789474
304,ARON,,50,70,100,40,40,30,STEEL,ROCK,0,21145,304,69.55592105263158
305,LAIRON,,60,90,140,50,50,40,STEEL,ROCK,0,17950,324,55.401234567901234
306,AGGRON,,70,110,180,60,60,50,STEEL,ROCK,0,15700,344,45.63953488372093
307,MEDITITE,,30,40,55,40,55,60,FIGHTING,PSYCHIC,0,23163,264,87.73863636363636
308,MEDICHAM,,60,60,75,60,75,80,FIGHTING,PSYCHIC,0,19441,324,60.00308641975309
309,ELECTRIKE,,40,45,40,65,40,65,ELECTRIC,,0,24864,284,87.54929577464789
310,MANECTRIC,,70,75,60,105,60,105,ELECTRIC,,0,20351,344,59.15988372093023
311,PLUSLE,,60,50,40,85,75,95,ELECTRIC,,0,21873,324,67.50925925925925
312,MINUN,,60,40,50,75,85,95,ELECTRIC,,0,19894,324,61.401234567901234
313,VOLBEAT,,65,73,75,47,85,85,BUG,,0,19121,334,57.24850299401198
314,ILLUMISE,,65,47,75,73,85,85,BUG,,0,19121,334,57.24850299401198
315,ROSELIA,,50,60,45,100,80,65,GRASS,POISON,0,22909,304,75.35855263157895
316,GULPIN,,70,43,53,43,53,40,POISON,,0,21989,344,63.92151162790697
317,SWALOT,,100,73,83,73,83,55,POISON,,0,17056,404,42.21782178217822
318,CARVANHA,,45,90,20,65,20,65,WATER,DARK,0,34452,294,117.18367346938776
319,SHARPEDO,,70,120,40,95,40,95,WATER,DARK,0,26877,344,78.13081395348837
320,WAILMER,,130,70,35,70,35,60,WATER,,0,27280,464,58.793103448275865
321,WAILORD,,170,90,45,90,45,60,WATER,,0,24440,544,44.9264705882353
322,NUMEL,,60,60,40,65,45,35,FIRE,GROUND,0,27275,324,84.1820987654321
323,CAMERUPT,,70,100,70,105,75,40,FIRE,GROUND,0,20657,344,60.049418604651166
324,TORKOAL,,70,85,140,85,70,20,FIRE,,0,15134,344,43.99418604651163
325,SPOINK,,60,25,35,70,80,60,PSYCHIC,,0,24734,324,76.3395061728395
326,GRUMPIG,,80,45,65,90,110,80,PSYCHIC,,0,18913,364,51.95879120879121
327,SPINDA,,60,60,60,60,60,60,NORMAL,,0,21834,324,67.38888888888889
328,TRAPINCH,,45,100,45,45,45,10,GROUND,,0,26676,294,90.73469387755102
329,VIBRAVA,,50,70,50,50,50,70,GROUND,DRAGON,0,24130,304,79.375
330,FLYGON,,80,100,80,80,80,100,GROUND,DRAGON,0,18639,364,51.206043956043956
331,CACNEA,,50,85,40,85,40,35,GRASS,,0,29168,304,95.94736842105263
332,CACTURNE,,70,115,60,115,60,55,GRASS,DARK,0,26026,344,75.65697674418605
333,SWABLU,,45,40,60,40,75,50,NORMAL,FLYING,0,19430,294,66.08843537414965
334,ALTARIA,,75,70,90,70,105,80,DRAGON,FLYING,0,15297,354,43.21186440677966
335,ZANGOOSE,,73,115,60,60,60,90,NORMAL,,0,21834,350,62.38285714285714
336,SEVIPER,,73,100,60,100,60,65,POISON,,0,20591,350,58.831428571428575
337,LUNATONE,,90,55,65,95,85,70,ROCK,PSYCHIC,0,22060,384,57.447916666666664
338,SOLROCK,,90,95,85,55,65,70,ROCK,PSYCHIC,0,21539,384,56.091145833333336
339,BARBOACH,,50,48,43,46,41,60,WATER,GROUND,0,27106,304,89.16447368421052
340,WHISCASH,,110,78,73,76,71,60,WATER,GROUND,0,20538,424,48.43867924528302
341,CORPHISH,,43,80,65,50,35,35,WATER,,0,23278,290,80.26896551724138
342,CRAWDAUNT,,63,120,85,90,55,55,WATER,DARK,0,20120,330,60.96969696969697
343,BALTOY,,40,40,55,40,70,55,GROUND,PSYCHIC,0,24329,284,85.66549295774648
344,CLAYDOL,,60,70,105,70,120,75,GROUND,PSYCHIC,0,16837,324,51.96604938271605
345,LILEEP,,66,41,77,61,87,23,ROCK,GRASS,0,19481,336,57.979166666666664
346,CRADILY,,86,81,97,81,107,43,ROCK,GRASS,0,16978,376,45.15425531914894
347,ANORITH,,45,95,50,40,50,75,ROCK,BUG,0,24184,294,82.25850340136054
348,ARMALDO,,75,125,100,70,80,45,ROCK,BUG,0,17357,354,49.03107344632768
349,FEEBAS,,20,15,20,10,55,80,WATER,,0,28348,244,116.18032786885246
350,MILOTIC,,95,60,79,100,125,81,WATER,,0,16027,394,40.67766497461929
351,CASTFORM,,70,70,70,70,70,70,NORMAL,,0,20071,344,58.34593023255814
352,KECLEON,,60,90,70,60,120,40,NORMAL,,0,17640,324,54.44444444444444
353,SHUPPET,,44,75,35,63,33,45,GHOST,,0,22112,292,75.72602739726027
354,BANETTE,,64,115,65,83,63,65,GHOST,,0,16341,332,49.21987951807229
355,DUSKULL,,20,40,90,30,90,25,GHOST,,0,13424,244,55.01639344262295
356,DUSCLOPS,,40,70,130,60,130,25,GHOST,,0,10399,284,36.61619718309859
357,TROPIUS,,99,108,83,72,87,51,GRASS,FLYING,0,19472,402,48.43781094527363
358,CHIMECHO,,75,50,80,95,90,65,PSYCHIC,,0,18429,354,52.059322033898304
359,ABSOL,,65,130,60,75,60,75,DARK,,0,21819,334,65.32634730538922
360,WYNAUT,,95,23,48,23,48,23,PSYCHIC,,0,25040,394,63.55329949238579
361,SNORUNT,,50,50,50,50,50,50,ICE,,0,27634,304,90.90131578947368
362,GLALIE,,80,80,80,80,80,80,ICE,,0,21346,364,58.642857142857146
363,SPHEAL,,70,40,50,55,50,25,ICE,WATER,0,26725,344,77.68895348837209
364,SEALEO,,90,60,70,75,70,45,ICE,WATER,0,22377,384,58.2734375
365,WALREIN,,110,80,90,95,90,65,ICE,WATER,0,19272,424,45.45283018867924
366,CLAMPERL,,35,64,85,74,55,32,WATER,,0,19438,274,70.94160583941606
367,HUNTAIL,,55,104,105,94,75,52,WATER,,0,16629,314,52.95859872611465
368,GOREBYSS,,55,84,105,114,75,52,WATER,,0,16629,314,52.95859872611465
369,RELICANTH,,100,90,130,45,65,55,WATER,ROCK,0,19040,404,47.12871287128713
370,LUVDISC,,43,30,55,50,65,97,WATER,,0,21344,290,73.6
371,BAGON,,45,75,60,40,30,50,DRAGON,,0,23257,294,79.10544217687075
372,SHELGON,,65,95,100,60,50,50,DRAGON,,0,17894,334,53.5748502994012
373,SALAMENCE,,95,135,80,110,80,100,DRAGON,FLYING,0,17129,394,43.474619289340104
374,BELDUM,,40,55,80,35,60,30,STEEL,PSYCHIC,0,16851,284,59.33450704225352
375,METANG,,60,75,100,55,80,50,STEEL,PSYCHIC,0,14492,324,44.72839506172839
376,METAGROSS,,80,135,130,95,90,70,STEEL,PSYCHIC,0,12724,364,34.956043956043956
377,REGIROCK,,80,100,200,50,100,50,ROCK,,0,13742,364,37.752747252747255
378,REGICE,,80,50,100,100,200,50,ICE,,0,15469,364,42.497252747252745
379,REGISTEEL,,80,75,150,75,150,50,STEEL,,0,10038,364,27.576923076923077
380,LATIAS,,80,80,90,110,130,110,DRAGON,PSYCHIC,0,15518,364,42.63186813186813
381,LATIOS,,80,90,80,130,110,110,DRAGON,PSYCHIC,0,16911,364,46.45879120879121
382,KYOGRE,,100,100,90,150,140,90,WATER,,0,14842,404,36.73762376237624
383,GROUDON,,100,150,140,100,90,90,GROUND,,0,15646,404,38.727722772277225
384,RAYQUAZA,,105,150,90,150,90,95,DRAGON,FLYING,0,15993,414,38.630434782608695
385,JIRACHI,,100,100,100,100,100,100,STEEL,PSYCHIC,0,13627,404,33.73019801980198
386,DEOXYS,,50,150,50,150,50,150,PSYCHIC,,0,24529,304,80.6875
387,TURTWIG,,55,68,64,45,55,31,GRASS,,0,23935,314,76.22611464968153
388,GROTLE,,75,89,85,55,65,36,GRASS,,0,20975,354,59.25141242937853
389,TORTERRA,,95,109,105,75,85,56,GRASS,GROUND,0,19293,394,48.96700507614213
390,CHIMCHAR,,44,58,44,58,44,61,FIRE,,0,24248,292,83.04109589041096
391,MONFERNO,,64,78,52,78,52,81,FIRE,FIGHTING,0,23804,332,71.6987951807229
392,INFERNAPE,,76,104,71,104,71,108,FIRE,FIGHTING,0,20127,356,56.53651685393258
393,PIPLUP,,53,51,53,61,56,40,WATER,,0,22294,310,71.91612903225807
394,PRINPLUP,,64,66,68,81,76,50,WATER,,0,19235,332,57.93674698795181
395,EMPOLEON,,84,86,88,111,101,60,WATER,STEEL,0,13158,372,35.37096774193548
396,STARLY,,40,55,30,30,30,60,NORMAL,FLYING,0,28108,284,98.97183098591549
397,STARAVIA,,55,75,50,40,40,80,NORMAL,FLYING,0,23667,314,75.37261146496816
398,STARAPTOR,,85,120,70,50,60,100,NORMAL,FLYING,0,19616,374,52.44919786096256
399,BIDOOF,,59,45,40,35,40,31,NORMAL,,0,26661,322,82.79813664596273
400,BIBAREL,,79,85,60,55,60,71,NORMAL,WATER,0,22037,362,60.8756906077348
401,KRICKETOT,,37,25,41,25,41,25,BUG,,0,27031,278,97.23381294964028
402,KRICKETUNE,,77,85,51,55,51,65,BUG,,0,24320,358,67.93296089385476
403,SHINX,,45,65,34,40,34,45,ELECTRIC,,0,26581,294,90.41156462585035
404,LUXIO,,60,85,49,60,49,60,ELECTRIC,,0,22546,324,69.58641975308642
405,LUXRAY,,80,120,79,95,79,70,ELECTRIC,,0,17387,364,47.76648351648352
406,BUDEW,,40,30,35,50,70,55,GRASS,POISON,0,25289,284,89.04577464788733
407,ROSERADE,,60,70,65,125,105,90,GRASS,POISON,0,19066,324,58.84567901234568
408,CRANIDOS,,67,125,40,30,30,58,ROCK,,0,30699,338,90.82544378698225
409,RAMPARDOS,,97,165,60,65,50,58,ROCK,,0,24895,398,62.550251256281406
410,SHIELDON,,30,42,118,42,88,30,ROCK,STEEL,0,16256,264,61.57575757575758
411,BASTIODON,,60,52,168,47,138,30,ROCK,STEEL,0,12387,324,38.23148148148148
412,BURMY,,40,29,45,29,45,36,BUG,,0,25892,284,91.16901408450704
413,WORMADAM,,60,59,85,79,105,36,BUG,GRASS,0,22149,324,68.36111111111111
414,MOTHIM,,70,94,50,94,50,66,BUG,FLYING,0,26055,344,75.74127906976744
415,COMBEE,,30,30,42,30,42,70,BUG,FLYING,0,28288,264,107.15151515151516
416,VESPIQUEN,,70,80,102,80,102,40,BUG,FLYING,0,17273,344,50.21220930232558
417,PACHIRISU,,60,45,70,45,90,95,ELECTRIC,,0,17597,324,54.31172839506173
418,BUIZEL,,55,65,35,60,30,85,WATER,,0,28020,314,89.23566878980891
419,FLOATZEL,,85,105,55,85,50,115,WATER,,0,22650,374,60.56149732620321
420,CHERUBI,,45,35,45,62,53,35,GRASS,,0,26714,294,90.8639455782313
421,CHERRIM,,70,60,70,87,78,85,GRASS,,0,21384,344,62.16279069767442
422,SHELLOS,,76,48,48,57,62,34,WATER,,0,22430,356,63.00561797752809
423,GASTRODON,,111,83,68,92,82,39,WATER,GROUND,0,20259,426,47.556338028169016
424,AMBIPOM,,75,100,66,60,66,115,NORMAL,,0,20714,354,58.51412429378531
425,DRIFLOON,,90,50,34,60,44,70,GHOST,FLYING,0,21563,384,56.153645833333336
426,DRIFBLIM,,150,80,44,90,54,80,GHOST,FLYING,0,19398,504,38.48809523809524
427,BUNEARY,,55,66,44,44,56,85,NORMAL,,0,24311,314,77.42356687898089
428,LOPUNNY,,65,76,84,54,96,105,NORMAL,,0,17364,334,51.98802395209581
429,MISMAGIUS,,60,60,60,105,105,105,GHOST,,0,14685,324,45.324074074074076
430,HONCHKROW,,100,125,52,105,52,71,DARK,FLYING,0,21408,404,52.99009900990099
431,GLAMEOW,,49,55,42,42,37,85,NORMAL,,0,26657,302,88.26821192052981
432,PURUGLY,,71,82,64,64,59,112,NORMAL,,0,21471,346,62.054913294797686
433,CHINGLING,,45,30,50,65,50,45,PSYCHIC,,0,24529,294,83.43197278911565
434,STUNKY,,63,63,47,41,41,74,POISON,DARK,0,21360,330,64.72727272727273
435,SKUNTANK,,103,93,67,71,61,84,POISON,DARK,0,17641,410,43.02682926829268
436,BRONZOR,,57,24,86,24,86,23,STEEL,PSYCHIC,0,14987,318,47.12893081761006
437,BRONZONG,,67,89,116,79,116,33,STEEL,PSYCHIC,0,12325,338,36.46449704142012
438,BONSLY,,50,80,95,10,45,10,ROCK,,0,22290,304,73.32236842105263
439,MIMEJR,,20,25,45,70,90,60,PSYCHIC,FAIRY,0,20431,244,83.73360655737704
440,HAPPINY,,100,5,5,15,65,30,NORMAL,,0,34007,404,84.17574257425743
441,CHATOT,,76,65,45,92,42,91,NORMAL,FLYING,0,24053,356,67.56460674157303
442,SPIRITOMB,,50,92,108,92,108,35,GHOST,DARK,0,10408,304,34.23684210526316
443,GIBLE,,58,70,45,40,45,42,DRAGON,GROUND,0,25401,320,79.378125
444,GABITE,,68,90,65,50,55,82,DRAGON,GROUND,0,21902,340,64.41764705882353
445,GARCHOMP,,108,130,95,80,85,102,DRAGON,GROUND,0,17282,420,41.147619047619045
446,MUNCHLAX,,135,85,40,40,85,5,NORMAL,,0,22988,474,48.49789029535865
447,RIOLU,,40,70,40,35,40,60,FIGHTING,,0,27569,284,97.07394366197182
448,LUCARIO,,70,110,70,115,70,90,FIGHTING,STEEL,0,17086,344,49.66860465116279
449,HIPPOPOTAS,,68,72,78,38,42,32,GROUND,,0,23282,340,68.47647058823529
450,HIPPOWDON,,108,112,118,68,72,47,GROUND,,0,17718,420,42.18571428571428
451,SKORUPI,,40,50,90,30,55,65,POISON,BUG,0,20389,284,71.79225352112677
452,DRAPION,,70,90,110,60,75,95,POISON,DARK,0,14102,344,40.99418604651163
453,CROAGUNK,,48,61,40,61,40,50,POISON,FIGHTING,0,29071,300,96.90333333333334
454,TOXICROAK,,83,106,65,86,65,85,POISON,FIGHTING,0,22762,370,61.51891891891892
455,CARNIVINE,,74,100,72,90,72,46,GRASS,,0,21611,352,61.39488636363637
456,FINNEON,,49,49,56,49,61,66,WATER,,0,21503,302,71.20198675496688
457,LUMINEON,,69,69,76,69,86,91,WATER,,0,17969,342,52.54093567251462
458,MANTYKE,,45,20,50,60,120,50,WATER,FLYING,0,18183,294,61.8469387755102
459,SNOVER,,60,62,50,62,60,40,GRASS,ICE,0,30970,324,95.58641975308642
460,ABOMASNOW,,90,92,75,92,85,60,GRASS,ICE,0,25087,384,65.33072916666667
461,WEAVILE,,70,120,65,45,85,125,DARK,ICE,0,24805,344,72.10755813953489
462,MAGNEZONE,,70,70,115,130,90,60,ELECTRIC,STEEL,0,13594,344,39.51744186046512
463,LICKILICKY,,110,85,95,80,95,50,NORMAL,,0,16636,424,39.235849056603776
464,RHYPERIOR,,115,140,130,55,55,40,GROUND,ROCK,0,23848,434,54.94930875576037
465,TANGROWTH,,100,100,125,110,50,50,GRASS,,0,19899,404,49.254950495049506
466,ELECTIVIRE,,75,123,67,95,85,95,ELECTRIC,,0,18080,354,51.07344632768361
467,MAGMORTAR,,75,95,67,125,95,83,FIRE,,0,17943,354,50.686440677966104
468,TOGEKISS,,85,50,95,120,115,80,FAIRY,FLYING,0,14352,374,38.37433155080214
469,YANMEGA,,86,76,86,116,56,95,BUG,FLYING,0,21732,376,57.797872340425535
470,LEAFEON,,65,110,130,60,65,95,GRASS,,0,18180,334,54.4311377245509
471,GLACEON,,65,60,110,130,95,65,ICE,,0,18176,334,54.41916167664671
472,GLISCOR,,75,95,125,45,75,95,GROUND,FLYING,0,15795,354,44.61864406779661
473,MAMOSWINE,,110,130,80,70,60,80,ICE,GROUND,0,24316,424,57.34905660377358
474,PORYGONZ,,85,80,70,135,75,90,NORMAL,,0,19729,374,52.75133689839572
475,GALLADE,,68,125,65,65,115,80,PSYCHIC,FIGHTING,0,18308,340,53.84705882352941
476,PROBOPASS,,60,55,145,75,150,40,ROCK,STEEL,0,12869,324,39.71913580246913
477,DUSKNOIR,,45,100,135,65,135,45,GHOST,,0,10188,294,34.6530612244898
478,FROSLASS,,70,80,70,80,70,110,ICE,GHOST,0,18139,344,52.729651162790695
479,ROTOM,,50,50,77,95,77,91,ELECTRIC,GHOST,0,14194,304,46.69078947368421
480,UXIE,,75,75,130,75,130,95,PSYCHIC,,0,13703,354,38.7090395480226
481,MESPRIT,,80,105,105,105,105,80,PSYCHIC,,0,15947,364,43.81043956043956
482,AZELF,,75,125,70,125,70,115,PSYCHIC,,0,20538,354,58.016949152542374
483,DIALGA,,100,120,120,150,100,90,STEEL,DRAGON,0,10848,404,26.85148514851485
484,PALKIA,,90,120,100,150,120,100,WATER,DRAGON,0,13654,384,35.557291666666664
485,HEATRAN,,91,90,106,130,106,77,FIRE,STEEL,0,13358,386,34.60621761658031
486,REGIGIGAS,,110,160,110,80,110,100,NORMAL,,0,15101,424,35.615566037735846
487,GIRATINA,,150,100,120,100,120,90,GHOST,DRAGON,0,10528,504,20.88888888888889
488,CRESSELIA,,120,70,110,75,120,85,PSYCHIC,,0,15087,444,33.979729729729726
489,PHIONE,,80,80,80,80,80,80,WATER,,0,17923,364,49.239010989010985
490,MANAPHY,,100,100,100,100,100,100,WATER,,0,15598,404,38.60891089108911
491,DARKRAI,,70,90,90,135,90,125,DARK,,0,17280,344,50.23255813953488
492,SHAYMIN,,100,100,100,100,100,100,GRASS,,0,17633,404,43.646039603960396
493,ARCEUS,,120,120,120,120,120,120,NORMAL,,0,14240,444,32.072072072072075
494,VICTINI,,100,100,100,100,100,100,PSYCHIC,FIRE,0,15891,404,39.334158415841586
495,SNIVY,,45,45,55,45,55,63,GRASS,,0,25092,294,85.34693877551021
496,SERVINE,,60,60,75,60,75,83,GRASS,,0,21081,324,65.06481481481481
497,SERPERIOR,,75,75,95,75,95,113,GRASS,,0,18211,354,51.443502824858754
498,TEPIG,,65,63,45,45,45,45,FIRE,,0,24000,334,71.8562874251497
499,PIGNITE,,90,93,55,70,55,55,FIRE,FIGHTING,0,23208,384,60.4375
500,EMBOAR,,110,123,65,100,65,65,FIRE,FIGHTING,0,21133,424,49.841981132075475
501,OSHAWOTT,,55,55,45,63,45,45,WATER,,0,24440,314,77.8343949044586
502,DEWOTT,,75,75,60,83,60,60,WATER,,0,21138,354,59.71186440677966
503,SAMUROTT,,95,100,85,108,70,70,WATER,,0,18232,394,46.2741116751269
504,PATRAT,,45,55,39,35,39,42,NORMAL,,0,26907,294,91.5204081632653
505,WATCHOG,,60,85,69,60,69,77,NORMAL,,0,20194,324,62.32716049382716
506,LILLIPUP,,45,60,45,25,45,55,NORMAL,,0,25234,294,85.82993197278911
507,HERDIER,,65,80,65,35,65,60,NORMAL,,0,20869,334,62.48203592814371
508,STOUTLAND,,85,110,90,45,90,80,NORMAL,,0,17292,374,46.23529411764706
509,PURRLOIN,,41,50,37,50,37,66,DARK,,0,27513,286,96.1993006993007
510,LIEPARD,,64,88,50,88,50,106,DARK,,0,23952,332,72.144578313253
511,PANSAGE,,50,53,48,53,48,64,GRASS,,0,26786,304,88.11184210526316
512,SIMISAGE,,75,98,63,98,63,101,GRASS,,0,23249,354,65.67514124293785
513,PANSEAR,,50,53,48,53,48,64,FIRE,,0,23273,304,76.55592105263158
514,SIMISEAR,,75,98,63,98,63,101,FIRE,,0,20193,354,57.04237288135593
515,PANPOUR,,50,53,48,53,48,64,WATER,,0,23698,304,77.95394736842105
516,SIMIPOUR,,75,98,63,98,63,101,WATER,,0,20564,354,58.090395480225986
517,MUNNA,,76,25,45,67,55,24,PSYCHIC,,0,24837,356,69.76685393258427
518,MUSHARNA,,116,55,85,107,95,29,PSYCHIC,,0,17764,436,40.74311926605505
519,PIDOVE,,50,55,50,36,30,43,NORMAL,FLYING,0,25041,304,82.3717105263158
520,TRANQUILL,,62,77,62,50,42,65,NORMAL,FLYING,0,22100,328,67.3780487804878
521,UNFEZANT,,80,115,80,65,55,93,NORMAL,FLYING,0,19255,364,52.89835164835165
522,BLITZLE,,45,60,32,50,32,76,ELECTRIC,,0,27210,294,92.55102040816327
523,ZEBSTRIKA,,75,100,63,80,63,116,ELECTRIC,,0,19799,354,55.929378531073446
524,ROGGENROLA,,55,75,85,25,25,15,ROCK,,0,26214,314,83.48407643312102
525,BOLDORE,,70,105,105,50,40,20,ROCK,,0,22313,344,64.86337209302326
526,GIGALITH,,85,135,130,60,80,25,ROCK,,0,17100,374,45.72192513368984
527,WOOBAT,,65,45,43,55,43,72,PSYCHIC,FLYING,0,25355,334,75.91317365269461
528,SWOOBAT,,67,57,55,77,55,114,PSYCHIC,FLYING,0,22562,338,66.75147928994083
529,DRILBUR,,60,85,40,30,45,68,GROUND,,0,27507,324,84.89814814814815
530,EXCADRILL,,110,135,60,50,65,88,GROUND,STEEL,0,19171,424,45.214622641509436
531,AUDINO,,103,60,86,60,86,50,NORMAL,,0,17724,410,43.229268292682924
532,TIMBURR,,75,80,55,25,35,35,FIGHTING,,0,26216,354,74.05649717514125
533,GURDURR,,85,105,85,40,50,40,FIGHTING,,0,21391,374,57.1951871657754
534,CONKELDURR,,105,140,95,55,65,45,FIGHTING,,0,19219,414,46.42270531400966
535,TYMPOLE,,50,50,40,50,40,64,WATER,,0,25818,304,84.92763157894737
536,PALPITOAD,,75,65,55,65,55,69,WATER,GROUND,0,23887,354,67.4774011299435
537,SEISMITOAD,,105,95,75,85,75,74,WATER,GROUND,0,20056,414,48.44444444444444
538,THROH,,120,100,85,30,85,45,FIGHTING,,0,18480,444,41.62162162162162
539,SAWK,,75,125,75,30,75,85,FIGHTING,,0,19905,354,56.228813559322035
540,SEWADDLE,,45,53,70,40,60,42,BUG,GRASS,0,27418,294,93.25850340136054
541,SWADLOON,,55,63,90,50,80,42,BUG,GRASS,0,23440,314,74.64968152866243
542,LEAVANNY,,75,103,80,70,70,92,BUG,GRASS,0,25242,354,71.30508474576271
543,VENIPEDE,,30,45,59,30,39,57,BUG,POISON,0,24897,264,94.30681818181819
544,WHIRLIPEDE,,40,55,99,40,79,47,BUG,POISON,0,17752,284,62.50704225352113
545,SCOLIPEDE,,60,100,89,55,69,112,BUG,POISON,0,19123,324,59.02160493827161
546,COTTONEE,,40,27,60,37,50,66,GRASS,FAIRY,0,23919,284,84.22183098591549
547,WHIMSICOTT,,60,67,85,77,75,116,GRASS,FAIRY,0,19409,324,59.90432098765432
548,PETILIL,,45,35,50,70,50,30,GRASS,,0,26241,294,89.25510204081633
549,LILLIGANT,,70,60,75,110,75,90,GRASS,,0,21081,344,61.281976744186046
550,BASCULIN,,70,92,65,80,55,98,WATER,,0,21077,344,61.270348837209305
551,SANDILE,,50,72,35,35,35,65,GROUND,DARK,0,30902,304,101.65131578947368
552,KROKOROK,,60,82,45,45,45,74,GROUND,DARK,0,27685,324,85.44753086419753
553,KROOKODILE,,95,117,80,65,70,92,GROUND,DARK,0,21038,394,53.39593908629442
554,DARUMAKA,,70,90,45,15,45,50,FIRE,,0,24000,344,69.76744186046511
555,DARMANITAN,,105,140,55,30,55,95,FIRE,,0,21815,414,52.693236714975846
556,MARACTUS,,75,86,67,106,67,60,GRASS,,0,22496,354,63.548022598870055
557,DWEBBLE,,50,65,85,35,35,55,BUG,ROCK,0,22729,304,74.76644736842105
558,CRUSTLE,,70,105,125,65,75,45,BUG,ROCK,0,16424,344,47.74418604651163
559,SCRAGGY,,50,75,70,35,70,48,DARK,FIGHTING,0,20310,304,66.8092105263158
560,SCRAFTY,,65,90,115,45,115,58,DARK,FIGHTING,0,14837,334,44.42215568862275
561,SIGILYPH,,72,58,80,103,80,97,PSYCHIC,FLYING,0,18226,348,52.37356321839081
562,YAMASK,,38,30,85,55,65,30,GHOST,,0,14962,280,53.43571428571428
563,COFAGRIGUS,,58,50,145,95,105,30,GHOST,,0,10802,320,33.75625
564,TIRTOUGA,,54,78,103,53,45,22,WATER,ROCK,0,22732,312,72.85897435897436
565,CARRACOSTA,,74,108,133,83,65,32,WATER,ROCK,0,18957,352,53.85511363636363
566,ARCHEN,,55,90,43,54,43,70,ROCK,FLYING,0,24643,314,78.48089171974522
567,ARCHEOPS,,75,120,65,60,65,110,ROCK,FLYING,0,19976,354,56.429378531073446
568,TRUBBISH,,50,50,62,40,62,65,POISON,,0,20240,304,66.57894736842105
569,GARBODOR,,80,95,82,60,82,75,POISON,,0,17199,364,47.25
570,ZORUA,,40,65,40,80,40,65,DARK,,0,26636,284,93.78873239436619
571,ZOROARK,,60,105,60,120,60,105,DARK,,0,21819,324,67.3425925925926
572,MINCCINO,,55,50,40,40,40,75,NORMAL,,0,26661,314,84.90764331210191
573,CINCCINO,,75,95,60,65,60,115,NORMAL,,0,21834,354,61.67796610169491
574,GOTHITA,,45,30,50,55,65,45,PSYCHIC,,0,23209,294,78.9421768707483
575,GOTHORITA,,60,45,70,75,85,55,PSYCHIC,,0,19611,324,60.52777777777778
576,GOTHITELLE,,70,55,95,95,110,65,PSYCHIC,,0,16374,344,47.598837209302324
577,SOLOSIS,,45,30,40,105,50,20,PSYCHIC,,0,26137,294,88.90136054421768
578,DUOSION,,65,40,50,125,60,30,PSYCHIC,,0,23622,334,70.72455089820359
579,REUNICLUS,,110,65,75,125,85,30,PSYCHIC,,0,19117,424,45.0872641509434
580,DUCKLETT,,62,44,50,44,50,55,WATER,FLYING,0,22375,328,68.21646341463415
581,SWANNA,,75,87,63,87,63,98,WATER,FLYING,0,19817,354,55.98022598870057
582,VANILLITE,,36,50,50,65,60,44,ICE,,0,26579,276,96.30072463768116
583,VANILLISH,,51,65,65,80,75,59,ICE,,0,23263,306,76.02287581699346
584,VANILLUXE,,71,95,85,110,95,79,ICE,,0,19997,346,57.79479768786127
585,DEERLING,,60,60,50,40,50,75,NORMAL,GRASS,0,27222,324,84.01851851851852
586,SAWSBUCK,,80,100,70,60,70,95,NORMAL,GRASS,0,22796,364,62.62637362637363
587,EMOLGA,,55,75,60,75,60,103,ELECTRIC,FLYING,0,18381,314,58.538216560509554
588,KARRABLAST,,50,75,45,40,45,60,BUG,,0,25892,304,85.17105263157895
589,ESCAVALIER,,70,135,105,60,105,20,BUG,STEEL,0,13847,344,40.252906976744185
590,FOONGUS,,69,55,45,55,55,15,GRASS,POISON,0,24953,342,72.96198830409357
591,AMOONGUSS,,114,85,70,85,80,30,GRASS,POISON,0,19989,432,46.270833333333336
592,FRILLISH,,55,40,50,65,85,40,WATER,GHOST,0,16607,314,52.888535031847134
593,JELLICENT,,100,60,70,85,105,60,WATER,GHOST,0,14129,404,34.972772277227726
594,ALOMOMOLA,,165,75,80,40,45,65,WATER,,0,20754,534,38.86516853932584
595,JOLTIK,,50,47,50,57,50,65,BUG,ELECTRIC,0,22851,304,75.16776315789474
596,GALVANTULA,,70,77,60,97,60,108,BUG,ELECTRIC,0,20805,344,60.479651162790695
597,FERROSEED,,44,50,91,24,86,10,GRASS,STEEL,0,16134,292,55.25342465753425
598,FERROTHORN,,74,94,131,54,116,20,GRASS,STEEL,0,12921,352,36.70738636363637
599,KLINK,,40,55,70,45,60,30,STEEL,,0,17208,284,60.59154929577465
600,KLANG,,60,80,95,70,85,50,STEEL,,0,14186,324,43.78395061728395
601,KLINKLANG,,60,100,115,70,85,90,STEEL,,0,13252,324,40.901234567901234
602,TYNAMO,,35,55,40,45,40,60,ELECTRIC,,0,24864,274,90.74452554744525
603,EELEKTRIK,,65,85,70,75,70,40,ELECTRIC,,0,18710,334,56.01796407185629
604,EELEKTROSS,,85,115,80,105,80,50,ELECTRIC,,0,17259,374,46.14705882352941
605,ELGYEM,,55,55,55,85,55,30,PSYCHIC,,0,23457,314,74.70382165605096
606,BEHEEYEM,,75,75,75,125,95,40,PSYCHIC,,0,18594,354,52.52542372881356
607,LITWICK,,50,30,55,65,55,20,GHOST,FIRE,0,17942,304,59.01973684210526
608,LAMPENT,,60,40,60,95,60,55,GHOST,FIRE,0,17086,324,52.73456790123457
609,CHANDELURE,,60,55,90,145,90,80,GHOST,FIRE,0,13528,324,41.75308641975309
610,AXEW,,46,87,60,30,40,57,DRAGON,,0,21999,296,74.32094594594595
611,FRAXURE,,66,117,70,40,50,67,DRAGON,,0,20022,336,59.589285714285715
612,HAXORUS,,76,147,90,60,70,97,DRAGON,,0,17015,356,47.79494382022472
613,CUBCHOO,,55,70,40,60,40,40,ICE,,0,30718,314,97.828025477707
614,BEARTIC,,95,130,80,70,80,50,ICE,,0,21346,394,54.17766497461929
615,CRYOGONAL,,80,50,50,95,135,105,ICE,,0,22270,364,61.18131868131868
616,SHELMET,,50,40,85,40,65,25,BUG,,0,19715,304,64.85197368421052
617,ACCELGOR,,80,70,40,100,60,145,BUG,,0,25135,364,69.0521978021978
618,STUNFISK,,109,66,84,81,99,32,GROUND,ELECTRIC,0,18078,422,42.838862559241704
619,MIENFOO,,45,85,50,55,50,65,FIGHTING,,0,24788,294,84.31292517006803
620,MIENSHAO,,65,125,60,95,60,105,FIGHTING,,0,22576,334,67.59281437125749
621,DRUDDIGON,,77,120,90,60,90,48,DRAGON,,0,15938,358,44.5195530726257
622,GOLETT,,59,74,50,35,50,35,GROUND,GHOST,0,21162,322,65.72049689440993
623,GOLURK,,89,124,80,55,80,55,GROUND,GHOST,0,16347,382,42.79319371727749
624,PAWNIARD,,45,85,70,40,40,60,DARK,STEEL,0,21026,294,71.51700680272108
625,BISHARP,,65,125,100,60,70,70,DARK,STEEL,0,16396,334,49.08982035928144
626,BOUFFALANT,,95,110,95,40,95,55,NORMAL,,0,16636,394,42.223350253807105
627,RUFFLET,,70,83,50,37,50,60,NORMAL,FLYING,0,22535,344,65.50872093023256
628,BRAVIARY,,100,123,75,57,75,80,NORMAL,FLYING,0,18100,404,44.801980198019805
629,VULLABY,,70,55,75,45,65,60,DARK,FLYING,0,18188,344,52.872093023255815
630,MANDIBUZZ,,110,65,105,55,95,80,DARK,FLYING,0,14613,424,34.464622641509436
631,HEATMOR,,85,97,66,105,66,65,FIRE,,0,19698,374,52.668449197860966
632,DURANT,,58,109,112,48,48,109,BUG,STEEL,0,17361,320,54.253125
633,DEINO,,52,65,50,45,50,38,DARK,DRAGON,0,23631,308,76.72402597402598
634,ZWEILOUS,,72,85,70,65,70,58,DARK,DRAGON,0,19791,348,56.87068965517241
635,HYDREIGON,,92,105,90,125,90,98,DARK,DRAGON,0,17044,388,43.92783505154639
636,LARVESTA,,55,85,55,50,55,60,BUG,FIRE,0,23185,314,73.8375796178344
637,VOLCARONA,,85,60,65,135,105,100,BUG,FIRE,0,18749,374,50.13101604278075
638,COBALION,,91,90,129,90,72,108,STEEL,FIGHTING,0,13907,386,36.02849740932643
639,TERRAKION,,91,129,90,72,90,108,ROCK,FIGHTING,0,19756,386,51.181347150259064
640,VIRIZION,,91,90,72,90,129,108,GRASS,FIGHTING,0,20235,386,52.42227979274612
641,TORNADUS,,79,115,70,125,80,111,FLYING,,0,18056,362,49.87845303867403
642,THUNDURUS,,79,115,70,125,80,111,ELECTRIC,FLYING,0,16306,362,45.04419889502763
643,RESHIRAM,,100,120,100,150,120,90,DRAGON,FIRE,0,13610,404,33.68811881188119
644,ZEKROM,,100,150,120,120,100,90,DRAGON,ELECTRIC,0,13619,404,33.710396039603964
645,LANDORUS,,89,125,90,115,80,101,GROUND,FLYING,0,17279,382,45.23298429319372
646,KYUREM,,125,130,90,130,90,95,DRAGON,ICE,0,18358,454,40.436123348017624
647,KELDEO,,91,72,90,129,90,108,WATER,FIGHTING,0,18030,386,46.70984455958549
648,MELOETTA,,100,77,77,128,128,90,NORMAL,PSYCHIC,0,16862,404,41.73762376237624
649,GENESECT,,71,120,95,120,95,99,BUG,STEEL,0,14788,346,42.73988439306358
650,CHESPIN,,56,61,65,48,45,38,GRASS,,0,24901,316,78.8006329113924
651,QUILLADIN,,61,78,95,56,58,57,GRASS,,0,20839,326,63.923312883435585
652,CHESNAUGHT,,88,107,122,74,75,64,GRASS,FIGHTING,0,19541,380,51.42368421052632
653,FENNEKIN,,40,45,40,62,60,60,FIRE,,0,23381,284,82.3274647887324
654,BRAIXEN,,59,59,58,90,70,73,FIRE,,0,20256,322,62.90683229813665
655,DELPHOX,,75,69,72,114,100,104,FIRE,PSYCHIC,0,17998,354,50.84180790960452
656,FROAKIE,,41,56,40,62,44,71,WATER,,0,25325,286,88.54895104895105
657,FROGADIER,,54,63,52,83,56,97,WATER,,0,22397,312,71.78525641025641
658,GRENINJA,,72,95,67,103,71,122,WATER,DARK,0,20446,348,58.752873563218394
659,BUNNELBY,,38,36,38,32,36,57,NORMAL,,0,27479,280,98.13928571428572
660,DIGGERSBY,,85,56,77,50,77,78,NORMAL,GROUND,0,20796,374,55.60427807486631
661,FLETCHLING,,45,50,43,40,38,62,NORMAL,FLYING,0,24824,294,84.43537414965986
662,FLETCHINDER,,62,73,55,56,52,84,FIRE,FLYING,0,21588,328,65.8170731707317
663,TALONFLAME,,78,81,71,74,69,126,FIRE,FLYING,0,18636,360,51.766666666666666
664,SCATTERBUG,,38,35,40,27,25,35,BUG,,0,29753,280,106.26071428571429
665,SPEWPA,,45,22,60,27,30,29,BUG,,0,26108,294,88.80272108843538
666,VIVILLON,,80,52,50,90,50,89,BUG,FLYING,0,26055,364,71.57967032967034
667,LITLEO,,62,50,58,73,54,72,FIRE,NORMAL,0,22400,328,68.29268292682927
668,PYROAR,,86,68,72,109,66,106,FIRE,NORMAL,0,19980,376,53.138297872340424
669,FLABEBE,,44,38,39,61,79,42,FAIRY,,0,21095,292,72.2431506849315
670,FLOETTE,,54,45,47,75,98,52,FAIRY,,0,19075,312,61.13782051282051
671,FLORGES,,78,65,68,112,154,75,FAIRY,,0,15088,360,41.91111111111111
672,SKIDDO,,66,65,48,62,57,52,GRASS,,0,25835,336,76.88988095238095
673,GOGOAT,,123,100,62,97,81,68,GRASS,,0,22039,450,48.97555555555556
674,PANCHAM,,67,82,62,46,48,43,FIGHTING,,0,23635,338,69.92603550295858
675,PANGORO,,95,124,78,69,71,58,FIGHTING,DARK,0,19478,394,49.43654822335025
676,FURFROU,,75,80,60,65,90,102,NORMAL,,0,19936,354,56.31638418079096
677,ESPURR,,62,48,54,63,60,68,PSYCHIC,,0,23087,328,70.38719512195122
678,MEOWSTIC,,74,48,76,83,81,104,PSYCHIC,,0,19287,352,54.79261363636363
679,HONEDGE,,45,80,100,35,37,28,STEEL,GHOST,0,14650,294,49.82993197278912
680,DOUBLADE,,59,110,150,45,49,35,STEEL,GHOST,0,12152,322,37.73913043478261
681,AEGISLASH,,60,50,140,50,140,60,STEEL,GHOST,0,8709,324,26.87962962962963
682,SPRITZEE,,78,52,60,63,65,23,FAIRY,,0,19464,360,54.06666666666667
683,AROMATISSE,,101,72,72,99,89,29,FAIRY,,0,16976,406,41.8128078817734
684,SWIRLIX,,62,48,66,59,57,49,FAIRY,,0,19548,328,59.59756097560975
685,SLURPUFF,,82,80,86,85,75,72,FAIRY,,0,16742,368,45.494565217391305
686,INKAY,,53,54,53,37,46,45,DARK,PSYCHIC,0,26026,310,83.95483870967742
687,MALAMAR,,86,92,88,68,75,73,DARK,PSYCHIC,0,19727,376,52.465425531914896
688,BINACLE,,42,52,67,39,56,50,ROCK,WATER,0,24469,288,84.96180555555556
689,BARBARACLE,,72,105,115,86,68,54,ROCK,WATER,0,19593,348,56.30172413793103
690,SKRELP,,50,60,60,60,60,30,POISON,WATER,0,20008,304,65.8157894736842
691,DRAGALGE,,65,75,90,97,123,44,POISON,DRAGON,0,14473,334,43.33233532934132
692,CLAUNCHER,,50,53,62,58,63,44,WATER,,0,20689,304,68.05592105263158
693,CLAWITZER,,71,73,88,120,89,59,WATER,,0,16844,346,48.68208092485549
694,HELIOPTILE,,44,38,33,61,43,70,ELECTRIC,NORMAL,0,26819,292,91.8458904109589
695,HELIOLISK,,62,55,52,109,94,109,ELECTRIC,NORMAL,0,20147,328,61.423780487804876
696,TYRUNT,,58,89,77,45,45,48,ROCK,DRAGON,0,21659,320,67.684375
697,TYRANTRUM,,82,121,119,69,59,71,ROCK,DRAGON,0,17612,368,47.858695652173914
698,AMAURA,,77,59,50,67,63,46,ROCK,ICE,0,31012,358,86.62569832402235
699,AURORUS,,123,77,72,99,92,58,ROCK,ICE,0,25243,450,56.095555555555556
700,SYLVEON,,95,65,65,110,130,60,FAIRY,,0,15921,394,40.40862944162436
701,HAWLUCHA,,78,92,75,74,63,118,FIGHTING,FLYING,0,20324,360,56.455555555555556
702,DEDENNE,,67,58,57,81,67,101,ELECTRIC,FAIRY,0,18643,338,55.15680473372781
703,CARBINK,,50,50,150,50,150,50,ROCK,FAIRY,0,12572,304,41.35526315789474
704,GOOMY,,45,50,35,55,75,40,DRAGON,,0,22518,294,76.59183673469387
705,SLIGGOO,,68,75,53,83,113,60,DRAGON,,0,18210,340,53.55882352941177
706,GOODRA,,90,100,70,110,150,80,DRAGON,,0,15446,384,40.223958333333336
707,KLEFKI,,57,80,91,80,87,75,STEEL,FAIRY,0,12524,318,39.38364779874214
708,PHANTUMP,,43,70,48,50,60,38,GHOST,GRASS,0,20170,290,69.55172413793103
709,TREVENANT,,85,110,76,65,82,56,GHOST,GRASS,0,16257,374,43.467914438502675
710,PUMPKABOO,,49,66,70,44,55,51,GHOST,GRASS,0,18538,302,61.384105960264904
711,GOURGEIST,,65,90,122,58,75,84,GHOST,GRASS,0,14261,334,42.69760479041916
712,BERGMITE,,55,69,85,32,35,28,ICE,,0,25688,314,81.80891719745223
713,AVALUGG,,95,117,184,44,46,28,ICE,,0,19242,394,48.83756345177665
714,NOIBAT,,40,30,35,45,40,55,FLYING,DRAGON,0,25445,284,89.59507042253522
715,NOIVERN,,85,70,80,97,80,123,FLYING,DRAGON,0,17129,374,45.79946524064171
716,XERNEAS,,126,131,95,131,98,99,FAIRY,,0,15003,456,32.901315789473685
717,YVELTAL,,126,131,95,131,98,99,DARK,FLYING,0,15022,456,32.94298245614035
718,ZYGARDE,,108,100,121,81,95,95,DRAGON,GROUND,0,15332,420,36.50476190476191
719,DIANCIE,,50,100,150,100,150,50,ROCK,FAIRY,0,12572,304,41.35526315789474
720,HOOPA,,80,110,60,150,130,70,PSYCHIC,GHOST,0,16857,364,46.31043956043956
721,VOLCANION,,80,110,120,130,90,70,FIRE,WATER,0,14386,364,39.52197802197802
722,ROWLET,,68,55,55,50,50,42,GRASS,FLYING,0,25492,340,74.97647058823529
723,DARTRIX,,78,75,75,70,70,52,GRASS,FLYING,0,21381,360,59.391666666666666
724,DECIDUEYE,,78,107,75,100,100,70,GRASS,GHOST,0,15449,360,42.91388888888889
725,LITTEN,,45,65,40,60,40,70,FIRE,,0,25357,294,86.24829931972789
726,TORRACAT,,65,85,50,80,50,90,FIRE,,0,22800,334,68.26347305389221
727,INCINEROAR,,95,115,90,80,90,60,FIRE,DARK,0,16443,394,41.733502538071065
728,POPPLIO,,50,54,54,66,56,40,WATER,,0,22162,304,72.90131578947368
729,BRIONNE,,60,69,69,91,81,50,WATER,,0,18783,324,57.97222222222222
730,PRIMARINA,,80,74,74,126,116,60,WATER,FAIRY,0,15495,364,42.56868131868132
731,PIKIPEK,,35,75,30,30,30,65,NORMAL,FLYING,0,28108,274,102.58394160583941
732,TRUMBEAK,,55,85,50,40,50,75,NORMAL,FLYING,0,22535,314,71.76751592356688
733,TOUCANNON,,80,120,75,75,75,60,NORMAL,FLYING,0,18100,364,49.72527472527472
734,YUNGOOS,,48,70,30,30,30,45,NORMAL,,0,29901,300,99.67
735,GUMSHOOS,,88,110,60,55,60,45,NORMAL,,0,21834,380,57.45789473684211
736,GRUBBIN,,47,62,45,55,45,46,BUG,,0,25892,298,86.88590604026845
737,CHARJABUG,,57,82,95,55,75,36,BUG,ELECTRIC,0,16986,318,53.41509433962264
738,VIKAVOLT,,77,70,90,145,75,43,BUG,ELECTRIC,0,17329,358,48.40502793296089
739,CRABRAWLER,,47,82,57,42,47,63,FIGHTING,,0,24315,298,81.59395973154362
740,CRABOMINABLE,,97,132,77,62,67,43,FIGHTING,ICE,0,23834,398,59.88442211055276
741,ORICORIO,,75,70,70,98,70,93,FIRE,FLYING,0,18684,354,52.779661016949156
742,CUTIEFLY,,40,45,40,55,40,84,BUG,FAIRY,0,26474,284,93.21830985915493
743,RIBOMBEE,,60,55,60,95,70,124,BUG,FAIRY,0,20882,324,64.45061728395062
744,ROCKRUFF,,45,65,40,30,40,60,ROCK,,0,29146,294,99.1360544217687
745,LYCANROC,,75,115,65,55,65,112,ROCK,,0,22840,354,64.51977401129943
746,WISHIWASHI,,45,20,20,25,25,40,WATER,,0,32119,294,109.24829931972789
747,MAREANIE,,50,53,62,43,52,45,POISON,WATER,0,20521,304,67.5032894736842
748,TOXAPEX,,50,63,152,53,142,35,POISON,WATER,0,11286,304,37.125
749,MUDBRAY,,70,100,70,45,55,45,GROUND,,0,22564,344,65.59302325581395
750,MUDSDALE,,100,125,100,55,85,35,GROUND,,0,17863,404,44.21534653465346
751,DEWPIDER,,38,40,52,40,72,27,WATER,BUG,0,21043,280,75.15357142857142
752,ARAQUANID,,68,70,92,50,132,42,WATER,BUG,0,14801,340,43.53235294117647
753,FOMANTIS,,40,55,35,50,35,35,GRASS,,0,30825,284,108.53873239436619
754,LURANTIS,,70,105,90,80,90,45,GRASS,,0,18920,344,55.0
755,MORELULL,,40,35,55,65,75,15,GRASS,FAIRY,0,22344,284,78.67605633802818
756,SHIINOTIC,,60,45,80,90,100,30,GRASS,FAIRY,0,18304,324,56.49382716049383
757,SALANDIT,,48,44,40,71,40,77,POISON,FIRE,0,27040,300,90.13333333333334
758,SALAZZLE,,68,64,60,111,60,117,POISON,FIRE,0,22146,340,65.13529411764706
759,STUFFUL,,70,75,50,45,50,50,NORMAL,FIGHTING,0,25769,344,74.90988372093024
760,BEWEAR,,120,125,80,55,60,60,NORMAL,FIGHTING,0,21495,444,48.41216216216216
761,BOUNSWEET,,42,30,38,30,38,32,GRASS,,0,29782,288,103.40972222222223
762,STEENEE,,52,40,48,40,48,62,GRASS,,0,26786,308,86.96753246753246
763,TSAREENA,,72,120,98,50,98,72,GRASS,,0,17872,348,51.35632183908046
764,COMFEY,,51,52,90,82,110,100,FAIRY,,0,14832,306,48.470588235294116
765,ORANGURU,,90,60,80,90,110,60,NORMAL,PSYCHIC,0,17217,384,44.8359375
766,PASSIMIAN,,100,120,90,40,60,80,FIGHTING,,0,20046,404,49.618811881188115
767,WIMPOD,,25,35,40,20,30,80,BUG,WATER,0,27039,254,106.45275590551181
768,GOLISOPOD,,75,125,140,60,90,40,BUG,WATER,0,14204,354,40.12429378531073
769,SANDYGAST,,55,55,80,70,45,15,GHOST,GROUND,0,19179,314,61.0796178343949
770,PALOSSAND,,85,75,110,100,75,35,GHOST,GROUND,0,15084,374,40.331550802139034
771,PYUKUMUKU,,55,60,130,30,130,5,WATER,,0,12966,314,41.29299363057325
772,TYPENULL,,95,95,95,95,95,59,NORMAL,,0,16636,394,42.223350253807105
773,SILVALLY,,95,95,95,95,95,95,NORMAL,,0,16636,394,42.223350253807105
774,MINIOR,,60,60,100,60,100,60,ROCK,FLYING,0,15416,324,47.58024691358025
775,KOMALA,,65,115,65,75,95,65,NORMAL,,0,19106,334,57.203592814371255
776,TURTONATOR,,60,78,135,91,85,36,FIRE,DRAGON,0,13358,324,41.22839506172839
777,TOGEDEMARU,,65,98,63,40,73,96,ELECTRIC,STEEL,0,17732,334,53.08982035928144
778,MIMIKYU,,55,90,80,50,105,96,GHOST,FAIRY,0,12540,314,39.93630573248408
779,BRUXISH,,68,105,70,70,70,92,WATER,PSYCHIC,0,20729,340,60.96764705882353
780,DRAMPA,,78,60,85,135,91,36,NORMAL,DRAGON,0,16916,360,46.98888888888889
781,DHELMISE,,70,131,100,86,90,40,GHOST,GRASS,0,14434,344,41.9593023255814
782,JANGMOO,,45,55,65,45,45,45,DRAGON,,0,20931,294,71.1938775510204
783,HAKAMOO,,55,75,90,65,70,65,DRAGON,FIGHTING,0,18941,314,60.32165605095541
784,KOMMOO,,75,110,125,100,105,85,DRAGON,FIGHTING,0,14927,354,42.166666666666664
785,TAPUKOKO,,70,115,85,95,75,130,ELECTRIC,FAIRY,0,15972,344,46.43023255813954
786,TAPULELE,,70,85,75,130,115,95,PSYCHIC,FAIRY,0,16176,344,47.02325581395349
787,TAPUBULU,,70,130,115,85,95,75,GRASS,FAIRY,0,16320,344,47.44186046511628
788,TAPUFINI,,70,75,115,95,130,85,WATER,FAIRY,0,12665,344,36.81686046511628
789,COSMOG,,43,29,31,29,31,37,PSYCHIC,,0,30247,290,104.3
790,COSMOEM,,43,29,131,131,37,37,PSYCHIC,,0,19691,290,67.9
791,SOLGALEO,,137,137,107,113,89,97,PSYCHIC,STEEL,0,13755,478,28.776150627615063
792,LUNALA,,137,113,89,137,107,97,PSYCHIC,GHOST,0,15239,478,31.880753138075313
793,NIHILEGO,,109,53,47,127,131,103,ROCK,POISON,0,20772,422,49.22274881516588
794,BUZZWOLE,,107,139,139,53,53,79,BUG,FIGHTING,0,20087,418,48.05502392344498
795,PHEROMOSA,,71,137,37,137,37,151,BUG,FIGHTING,0,31289,346,90.4306358381503
796,XURKITREE,,83,89,71,173,71,83,ELECTRIC,,0,18536,370,50.097297297297295
797,CELESTEELA,,97,101,103,107,101,61,STEEL,FLYING,0,11484,398,28.85427135678392
798,KARTANA,,59,181,131,59,31,109,GRASS,STEEL,0,19195,322,59.61180124223603
799,GUZZLORD,,223,101,53,97,53,43,DARK,DRAGON,0,22988,650,35.36615384615384
800,NECROZMA,,97,107,101,127,89,79,PSYCHIC,,0,16936,398,42.552763819095475
801,MAGEARNA,,80,95,115,130,115,65,STEEL,FAIRY,0,10584,364,29.076923076923077
802,MARSHADOW,,90,125,80,90,90,125,FIGHTING,GHOST,0,15046,384,39.182291666666664
803,POIPOLE,,67,73,67,73,67,73,POISON,,0,19382,338,57.34319526627219
804,NAGANADEL,,73,73,73,127,73,121,POISON,DRAGON,0,17868,350,51.05142857142857
805,STAKATAKA,,61,131,211,53,101,13,ROCK,STEEL,0,12534,326,38.4478527607362
806,BLACEPHALON,,53,127,53,151,79,107,FIRE,GHOST,0,16570,310,53.45161290322581
807,ZERAORA,,88,112,75,102,80,143,ELECTRIC,,0,17654,380,46.45789473684211
808,MELTAN,,46,65,65,55,35,34,STEEL,,0,19825,296,66.97635135135135
809,MELMETAL,,135,143,143,80,65,34,STEEL,,0,13338,474,28.139240506329113
810,GROOKEY,,50,65,50,40,40,65,GRASS,,0,27497,304,90.45065789473684
811,THWACKEY,,70,85,70,55,60,80,GRASS,,0,22801,344,66.28197674418605
812,RILLABOOM,,100,125,90,60,70,85,GRASS,,0,20228,404,50.06930693069307
813,SCORBUNNY,,50,71,40,40,40,69,FIRE,,0,25357,304,83.41118421052632
814,RABOOT,,65,86,60,55,60,94,FIRE,,0,20759,334,62.15269461077844
815,CINDERACE,,80,116,75,65,75,119,FIRE,,0,18311,364,50.30494505494506
816,SOBBLE,,50,40,40,70,40,70,WATER,,0,25818,304,84.92763157894737
817,DRIZZILE,,65,60,55,95,55,90,WATER,,0,22211,334,66.5
818,INTELEON,,70,85,65,125,65,120,WATER,,0,20210,344,58.75
819,SKWOVET,,70,55,55,35,35,25,NORMAL,,0,25119,344,73.0203488372093
820,GREEDENT,,120,95,95,55,75,20,NORMAL,,0,17721,444,39.91216216216216
821,ROOKIDEE,,38,47,35,33,35,57,FLYING,,0,26260,280,93.78571428571429
822,CORVISQUIRE,,68,67,55,43,55,77,FLYING,,0,21380,340,62.88235294117647
823,CORVIKNIGHT,,98,87,105,53,85,67,FLYING,STEEL,0,12061,400,30.1525
824,BLIPBUG,,25,20,20,25,45,45,BUG,,0,30942,254,121.81889763779527
825,DOTTLER,,50,35,80,50,90,30,BUG,PSYCHIC,0,19913,304,65.5032894736842
826,ORBEETLE,,60,45,110,80,120,90,BUG,PSYCHIC,0,16314,324,50.351851851851855
827,NICKIT,,40,28,28,52,47,50,DARK,,0,28235,284,99.41901408450704
828,THIEVUL,,70,58,58,92,87,90,DARK,,0,20327,344,59.09011627906977
829,GOSSIFLEUR,,40,40,60,40,60,10,GRASS,,0,23895,284,84.13732394366197
830,ELDEGOSS,,60,50,90,80,120,60,GRASS,,0,17491,324,53.98456790123457
831,WOOLOO,,42,40,55,40,45,48,NORMAL,,0,23896,288,82.97222222222223
832,DUBWOOL,,72,80,100,60,90,88,NORMAL,,0,16611,348,47.73275862068966
833,CHEWTLE,,50,64,50,38,38,44,WATER,,0,24582,304,80.86184210526316
834,DREDNAW,,90,115,90,48,68,74,WATER,ROCK,0,21260,384,55.364583333333336
835,YAMPER,,59,45,50,40,50,26,ELECTRIC,,0,22348,322,69.40372670807453
836,BOLTUND,,69,90,60,90,60,121,ELECTRIC,,0,20351,342,59.505847953216374
837,ROLYCOLY,,30,40,50,40,50,30,ROCK,,0,26219,264,99.31439393939394
838,CARKOL,,80,60,90,60,70,50,ROCK,FIRE,0,21441,364,58.90384615384615
839,COALOSSAL,,110,80,120,80,90,30,ROCK,FIRE,0,18050,424,42.570754716981135
840,APPLIN,,40,40,80,40,40,20,GRASS,DRAGON,0,24144,284,85.01408450704226
841,FLAPPLE,,70,110,80,95,60,70,GRASS,DRAGON,0,21922,344,63.72674418604651
842,APPLETUN,,110,85,80,100,80,30,GRASS,DRAGON,0,20397,424,48.1061320754717
843,SILICOBRA,,52,57,75,35,50,46,GROUND,,0,22587,308,73.33441558441558
844,SANDACONDA,,72,107,125,65,70,71,GROUND,,0,17559,348,50.456896551724135
845,CRAMORANT,,70,85,55,85,95,85,FLYING,WATER,0,18699,344,54.35755813953488
846,ARROKUDA,,41,63,40,40,30,66,WATER,,0,27190,286,95.06993006993007
847,BARRASKEWDA,,61,123,60,60,50,136,WATER,,0,22040,326,67.60736196319019
848,TOXEL,,40,38,35,54,35,40,ELECTRIC,POISON,0,26976,284,94.98591549295774
849,TOXTRICITY,,75,98,70,114,70,75,ELECTRIC,POISON,0,19218,354,54.28813559322034
850,SIZZLIPEDE,,50,65,45,50,50,45,FIRE,BUG,0,24959,304,82.10197368421052
851,CENTISKORCH,,100,115,65,90,90,65,FIRE,BUG,0,19511,404,48.29455445544554
852,CLOBBOPUS,,50,68,60,50,50,32,FIGHTING,,0,23595,304,77.61513157894737
853,GRAPPLOCT,,80,118,90,70,80,42,FIGHTING,,0,18463,364,50.722527472527474
854,SINISTEA,,40,45,45,74,54,50,GHOST,,0,18809,284,66.22887323943662
855,POLTEAGEIST,,60,65,65,134,114,70,GHOST,,0,13992,324,43.18518518518518
856,HATENNA,,42,30,45,56,53,39,PSYCHIC,,0,25002,288,86.8125
857,HATTREM,,57,40,65,86,73,49,PSYCHIC,,0,20809,318,65.437106918239
858,HATTERENE,,57,90,95,136,103,29,PSYCHIC,FAIRY,0,15242,318,47.930817610062896
859,IMPIDIMP,,45,45,30,55,40,50,DARK,FAIRY,0,25682,294,87.35374149659864
860,MORGREM,,65,60,45,75,55,70,DARK,FAIRY,0,21836,334,65.37724550898204
861,GRIMMSNARL,,95,120,65,95,75,60,DARK,FAIRY,0,18168,394,46.111675126903556
862,OBSTAGOON,,93,90,101,60,81,95,DARK,NORMAL,0,18933,390,48.54615384615385
863,PERRSERKER,,70,110,100,50,60,50,STEEL,,0,15339,344,44.59011627906977
864,CURSOLA,,60,95,50,145,130,30,GHOST,,0,14783,324,45.626543209876544
865,SIRFETCHD,,62,135,95,68,82,65,FIGHTING,,0,17962,328,54.76219512195122
866,MRRIME,,80,85,75,110,100,70,ICE,PSYCHIC,0,21245,364,58.36538461538461
867,RUNERIGUS,,58,95,145,50,105,30,GROUND,GHOST,0,12321,320,38.503125
868,MILCERY,,45,40,40,50,61,34,FAIRY,,0,22202,294,75.51700680272108
869,ALCREMIE,,65,60,75,110,121,64,FAIRY,,0,15427,334,46.18862275449102
870,FALINKS,,65,100,100,70,60,75,FIGHTING,,0,19391,334,58.05688622754491
871,PINCURCHIN,,48,101,95,91,85,15,ELECTRIC,,0,16008,300,53.36
872,SNOM,,30,25,35,45,30,20,ICE,BUG,0,37431,264,141.7840909090909
873,FROSMOTH,,70,65,60,125,90,65,ICE,BUG,0,25510,344,74.15697674418605
874,STONJOURNER,,100,125,135,20,20,70,ROCK,,0,24366,404,60.31188118811881
875,EISCUE,,75,80,110,65,90,50,ICE,,0,18494,354,52.24293785310734
876,INDEEDEE,,60,65,55,105,95,95,PSYCHIC,NORMAL,0,20484,324,63.22222222222222
877,MORPEKO,,58,95,58,70,58,97,ELECTRIC,DARK,0,21624,320,67.575
878,CUFANT,,72,80,49,40,49,40,STEEL,,0,19989,348,57.439655172413794
879,COPPERAJAH,,122,130,69,80,69,30,STEEL,,0,16685,448,37.24330357142857
880,DRACOZOLT,,90,100,90,80,70,75,ELECTRIC,DRAGON,0,16731,384,43.5703125
881,ARCTOZOLT,,90,100,90,90,80,55,ELECTRIC,ICE,0,19722,384,51.359375
882,DRACOVISH,,90,90,100,70,80,75,WATER,DRAGON,0,15257,384,39.731770833333336
883,ARCTOVISH,,90,90,100,80,90,55,WATER,ICE,0,18519,384,48.2265625
884,DURALUDON,,70,95,115,120,50,85,STEEL,DRAGON,0,13281,344,38.60755813953488
885,DREEPY,,28,60,30,40,30,82,DRAGON,GHOST,0,22119,260,85.07307692307693
886,DRAKLOAK,,68,80,50,60,50,102,DRAGON,GHOST,0,17722,340,52.12352941176471
887,DRAGAPULT,,88,120,75,100,75,142,DRAGON,GHOST,0,14240,380,37.473684210526315
888,ZACIAN,,92,120,115,80,115,138,FAIRY,,0,13327,388,34.347938144329895
889,ZAMAZENTA,,92,120,115,80,115,138,FIGHTING,,0,15151,388,39.04896907216495
890,ETERNATUS,,140,85,95,145,95,130,POISON,DRAGON,0,15182,484,31.367768595041323
891,KUBFU,,60,90,60,53,50,72,FIGHTING,,0,23595,324,72.82407407407408
892,URSHIFU,,100,130,100,63,60,97,FIGHTING,DARK,0,18773,404,46.46782178217822
893,ZARUDE,,105,120,105,70,95,105,DARK,GRASS,0,19101,414,46.13768115942029
894,REGIELEKI,,80,100,50,100,50,200,ELECTRIC,,0,22348,364,61.395604395604394
895,REGIDRAGO,,200,100,50,100,50,80,DRAGON,,0,22101,604,36.591059602649004
896,GLASTRIER,,100,145,130,65,110,30,ICE,,0,16294,404,40.33168316831683
897,SPECTRIER,,100,65,60,145,80,130,GHOST,,0,15748,404,38.98019801980198
898,CALYREX,,100,80,80,80,80,80,PSYCHIC,GRASS,0,22515,404,55.73019801980198
899,WYRDEER,,103,105,72,105,75,65,NORMAL,PSYCHIC,0,19645,410,47.91463414634146
900,KLEAVOR,,70,130,95,45,75,85,BUG,ROCK,0,17978,344,52.26162790697674
901,URSALUNA,,130,140,105,45,80,50,NORMAL,GROUND,0,18509,464,39.890086206896555
902,BASCULEGION,,120,112,65,80,75,78,WATER,GHOST,0,15808,444,35.6036036036036
903,SNEASLER,,80,130,60,40,80,120,FIGHTING,POISON,0,22037,364,60.54120879120879
904,OVERQWIL,,85,115,95,65,65,85,DARK,POISON,0,15419,374,41.22727272727273
905,ENAMORUS,,74,115,70,135,80,106,FAIRY,FLYING,0,17683,352,50.23579545454545
906,SPRIGATITO,,40,61,54,45,45,65,GRASS,,0,26275,284,92.51760563380282
907,FLORAGATO,,61,80,63,60,63,83,GRASS,,0,23249,326,71.3159509202454
908,MEOWSCARADA,,76,110,70,81,70,123,GRASS,DARK,0,23925,356,67.20505617977528
909,FUECOCO,,67,45,59,63,40,36,FIRE,,0,22846,338,67.59171597633136
910,CROCALOR,,81,55,78,90,58,49,FIRE,,0,19278,366,52.67213114754098
911,SKELEDIRGE,,104,75,100,110,75,66,FIRE,GHOST,0,13744,412,33.359223300970875
912,QUAXLY,,55,65,45,50,45,50,WATER,,0,24440,314,77.8343949044586
913,QUAXWELL,,70,85,65,65,60,65,WATER,,0,20614,344,59.924418604651166
914,QUAQUAVAL,,85,120,80,85,75,85,WATER,FIGHTING,0,19669,374,52.59090909090909
915,LECHONK,,54,45,40,35,45,35,NORMAL,,0,26065,312,83.54166666666667
916,OINKOLOGNE,,110,100,75,59,80,65,NORMAL,,0,18950,424,44.693396226415096
917,TAROUNTULA,,35,41,45,29,40,20,BUG,,0,26544,274,96.87591240875912
918,SPIDOPS,,60,79,92,52,86,35,BUG,,0,17757,324,54.80555555555556
919,NYMBLE,,33,46,40,21,25,45,BUG,,0,29753,270,110.1962962962963
920,LOKIX,,71,102,78,52,55,92,BUG,DARK,0,21250,346,61.41618497109827
921,PAWMI,,45,50,20,40,25,60,ELECTRIC,,0,30928,294,105.19727891156462
922,PAWMO,,60,75,40,50,40,85,ELECTRIC,FIGHTING,0,26177,324,80.79320987654322
923,PAWMOT,,70,115,70,70,60,105,ELECTRIC,FIGHTING,0,20513,344,59.63081395348837
924,CLODSIRE,,130,75,60,45,100,20,POISON,GROUND,0,19450,464,41.918103448275865
925,TANDEMAUS,,50,50,45,40,45,75,NORMAL,,0,25234,304,83.00657894736842
926,MAUSHOLD,,74,75,70,65,75,111,NORMAL,,0,19729,352,56.04829545454545
927,FIDOUGH,,37,55,70,30,55,65,FAIRY,,0,19436,278,69.9136690647482
928,DACHSBUN,,57,80,115,50,80,95,FAIRY,,0,14912,318,46.893081761006286
929,SMOLIV,,41,35,45,58,51,30,GRASS,NORMAL,0,27927,286,97.64685314685315
930,DOLLIV,,52,53,60,78,78,33,GRASS,NORMAL,0,23370,308,75.87662337662337
931,ARBOLIVA,,78,69,90,125,109,39,GRASS,NORMAL,0,18642,360,51.78333333333333
932,SQUAWKABILLY,,82,96,51,45,51,92,NORMAL,FLYING,0,22280,368,60.54347826086956
933,NACLI,,55,55,75,35,35,25,ROCK,,0,25298,314,80.56687898089172
934,NACLSTACK,,60,60,100,35,65,35,ROCK,,0,19898,324,61.41358024691358
935,GARGANACL,,100,100,130,45,90,35,ROCK,,0,16509,404,40.863861386138616
936,ANNIHILAPE,,110,115,80,50,90,90,FIGHTING,GHOST,0,15046,424,35.485849056603776
937,CHARCADET,,40,50,40,50,40,35,FIRE,,0,25357,284,89.28521126760563
938,ARMAROUGE,,85,60,100,125,80,75,FIRE,PSYCHIC,0,16872,374,45.11229946524064
939,CERULEDGE,,75,125,80,60,100,85,FIRE,GHOST,0,13627,354,38.494350282485875
940,TADBULB,,61,31,41,59,35,45,ELECTRIC,,0,25295,326,77.5920245398773
941,BELLIBOLT,,109,64,91,103,83,45,ELECTRIC,,0,16337,422,38.71327014218009
942,WATTREL,,40,40,35,55,40,70,ELECTRIC,FLYING,0,23145,284,81.49647887323944
943,KILOWATTREL,,70,70,60,105,60,125,ELECTRIC,FLYING,0,18381,344,53.43313953488372
944,DUDUNSPARCE,,125,100,80,85,75,55,NORMAL,,0,18813,454,41.43832599118943
945,FARIGIRAF,,120,90,70,110,70,60,NORMAL,PSYCHIC,0,20180,444,45.450450450450454
946,MASCHIFF,,60,78,60,40,51,51,DARK,,0,22581,324,69.69444444444444
947,MABOSSTIFF,,80,120,90,60,70,85,DARK,,0,18409,364,50.574175824175825
948,SHROODLE,,40,65,35,40,35,75,POISON,NORMAL,0,26798,284,94.35915492957747
949,GRAFAIAI,,63,95,65,80,72,110,POISON,NORMAL,0,19374,330,58.70909090909091
950,BRAMBLIN,,40,65,30,45,35,60,GRASS,GHOST,0,25233,284,88.84859154929578
951,BRAMBLEGHAST,,55,115,70,80,70,90,GRASS,GHOST,0,17402,314,55.4203821656051
952,TOEDSCOOL,,40,40,35,50,100,70,GROUND,GRASS,0,26623,284,93.74295774647888
953,TOEDSCRUEL,,80,70,65,80,120,100,GROUND,GRASS,0,20910,364,57.44505494505494
954,KLAWF,,70,100,115,35,55,75,ROCK,,0,19973,344,58.06104651162791
955,CAPSAKID,,50,62,40,62,40,50,GRASS,,0,29168,304,95.94736842105263
956,SCOVILLAIN,,65,108,65,108,65,75,GRASS,FIRE,0,20191,334,60.452095808383234
957,RELLOR,,41,50,60,31,58,30,BUG,,0,22585,286,78.96853146853147
958,RABSCA,,75,50,85,115,100,45,BUG,PSYCHIC,0,18951,354,53.53389830508475
959,FLITTLE,,30,35,30,55,30,75,PSYCHIC,,0,30592,264,115.87878787878788
960,ESPATHRA,,95,60,60,101,60,105,PSYCHIC,,0,22336,394,56.69035532994924
961,TINKATINK,,50,45,45,35,64,58,FAIRY,STEEL,0,16862,304,55.4671052631579
962,TINKATUFF,,65,55,55,45,82,78,FAIRY,STEEL,0,15032,334,45.0059880239521
963,TINKATON,,85,75,77,70,105,94,FAIRY,STEEL,0,12567,374,33.601604278074866
964,WIGLETT,,10,55,25,35,25,95,WATER,,0,30878,224,137.84821428571428
965,WUGTRIO,,35,100,50,50,70,120,WATER,,0,21572,274,78.72992700729927
966,BOMBIRDIER,,70,103,85,60,85,82,FLYING,DARK,0,16278,344,47.31976744186046
967,FINIZEN,,70,45,40,45,40,75,WATER,,0,25818,344,75.05232558139535
968,PALAFIN,,100,70,72,53,62,100,WATER,,0,19835,404,49.09653465346535
969,VAROOM,,45,70,63,30,45,47,STEEL,POISON,0,19297,294,65.6360544217687
970,REVAVROOM,,80,119,90,54,67,90,STEEL,POISON,0,15700,364,43.13186813186813
971,CYCLIZAR,,70,95,65,85,65,121,DRAGON,NORMAL,0,20103,344,58.43895348837209
972,ORTHWORM,,70,85,145,60,55,65,STEEL,,0,14005,344,40.71220930232558
973,GLIMMET,,48,35,42,105,60,60,ROCK,POISON,0,25547,300,85.15666666666667
974,GLIMMORA,,83,55,90,130,81,86,ROCK,POISON,0,18803,370,50.81891891891892
975,GREAVARD,,50,61,60,30,55,34,GHOST,,0,17344,304,57.05263157894737
976,HOUNDSTONE,,72,101,100,50,97,68,GHOST,,0,12626,348,36.2816091954023
977,FLAMIGO,,82,115,74,75,64,90,FLYING,FIGHTING,0,20330,368,55.244565217391305
978,CETODDLE,,108,68,45,30,40,43,ICE,,0,29786,420,70.91904761904762
979,CETITAN,,170,113,65,45,55,73,ICE,,0,25077,544,46.09742647058823
980,KINGAMBIT,,100,135,120,60,85,50,DARK,STEEL,0,14545,404,36.00247524752475
981,VELUZA,,90,102,73,78,65,70,WATER,PSYCHIC,0,20776,384,54.104166666666664
982,DONDOZO,,150,100,115,65,65,35,WATER,,0,16808,504,33.34920634920635
983,TATSUGIRI,,68,50,60,120,95,82,DRAGON,WATER,0,17508,340,51.49411764705882
984,GREATTUSK,,115,131,131,53,53,87,GROUND,FIGHTING,0,20596,434,47.45622119815668
985,SCREAMTAIL,,115,65,99,65,115,111,FAIRY,PSYCHIC,0,14551,434,33.52764976958525
986,BRUTEBONNET,,111,127,99,79,99,55,GRASS,DARK,0,19310,426,45.328638497652584
987,FLUTTERMANE,,55,55,55,135,135,135,GHOST,FAIRY,0,13334,314,42.46496815286624
988,SLITHERWING,,85,135,79,85,105,81,BUG,FIGHTING,0,19581,374,52.355614973262036
989,SANDYSHOCKS,,85,81,97,121,85,101,ELECTRIC,GROUND,0,17974,374,48.05882352941177
990,IRONTREADS,,90,112,120,72,70,106,GROUND,STEEL,0,15051,384,39.1953125
991,IRONBUNDLE,,56,80,114,124,60,136,ICE,WATER,0,19804,316,62.67088607594937
992,IRONHANDS,,154,140,108,50,68,50,FIGHTING,ELECTRIC,0,17299,512,33.787109375
993,IRONJUGULIS,,94,80,86,122,80,108,DARK,FLYING,0,16459,392,41.98724489795919
994,IRONMOTH,,80,70,60,140,110,110,FIRE,POISON,0,19113,364,52.50824175824176
995,IRONTHORNS,,100,134,110,70,84,72,ROCK,ELECTRIC,0,17992,404,44.53465346534654
996,FRIGIBAX,,65,75,45,35,45,55,DRAGON,ICE,0,26791,334,80.2125748502994
997,ARCTIBAX,,90,95,66,45,65,62,DRAGON,ICE,0,22071,384,57.4765625
998,BAXCALIBUR,,115,145,92,75,86,87,DRAGON,ICE,0,18350,434,42.28110599078341
999,GIMMIGHOUL,,45,30,70,75,70,10,GHOST,,0,15582,294,53.0
1000,GHOLDENGO,,87,60,95,133,91,84,STEEL,GHOST,0,11487,378,30.38888888888889
1001,WOCHIEN,,85,85,100,95,135,70,DARK,GRASS,0,17768,374,47.50802139037433
1002,CHIENPAO,,80,120,80,90,65,135,DARK,ICE,0,24507,364,67.32692307692308
1003,TINGLU,,155,110,125,55,80,45,DARK,GROUND,0,17359,514,33.77237354085603
1004,CHIYU,,55,80,80,135,120,100,DARK,FIRE,0,15972,314,50.86624203821656
1005,ROARINGMOON,,105,139,71,55,101,119,DRAGON,DARK,0,18064,414,43.632850241545896
1006,IRONVALIANT,,74,130,90,120,60,116,FAIRY,FIGHTING,0,19658,352,55.84659090909091
1007,KORAIDON,,100,135,115,85,100,135,FIGHTING,DRAGON,0,15637,404,38.70544554455446
1008,MIRAIDON,,100,85,100,135,115,135,ELECTRIC,DRAGON,0,14044,404,34.76237623762376
1009,WALKINGWAKE,,99,83,91,125,83,109,WATER,DRAGON,0,15604,402,38.81592039800995
1010,IRONLEAVES,,90,130,88,70,108,104,GRASS,PSYCHIC,0,20136,384,52.4375
1011,DIPPLIN,,80,80,110,95,90,40,GRASS,DRAGON,0,17652,364,48.494505494505496
1012,POLTCHAGEIST,,40,45,45,74,54,50,GRASS,GHOST,0,21019,284,74.0105633802817
1013,SINISTCHA,,71,60,106,121,80,70,GRASS,GHOST,0,14637,346,42.30346820809248
1014,OKIDOGI,,88,128,115,58,86,80,POISON,FIGHTING,0,17621,380,46.37105263157895
1015,MUNKIDORI,,88,75,66,130,90,106,POISON,PSYCHIC,0,18534,380,48.77368421052632
1016,FEZANDIPITI,,88,91,82,70,125,99,POISON,FAIRY,0,14710,380,38.71052631578947
1017,OGERPON,,80,120,84,60,96,110,GRASS,,0,18989,364,52.167582417582416
1018,ARCHALUDON,,90,105,130,125,65,85,STEEL,DRAGON,0,11840,384,30.833333333333332
1019,HYDRAPPLE,,106,80,110,80,44,120,GRASS,DRAGON,0,21439,416,51.53605769230769
1020,GOUGINGFIRE,,105,115,121,65,93,91,FIRE,DRAGON,0,13534,414,32.690821256038646
1021,RAGINGBOLT,,125,73,91,137,89,75,ELECTRIC,DRAGON,0,15589,454,34.33700440528634
1022,IRONBOULDER,,90,120,80,68,108,124,ROCK,PSYCHIC,0,19276,384,50.197916666666664
1023,IRONCROWN,,90,72,100,122,108,98,STEEL,PSYCHIC,0,13310,384,34.661458333333336
1024,TERAPAGOS,,90,65,85,65,85,60,NORMAL,,0,17873,384,46.544270833333336
1025,PECHARUNT,,88,88,160,88,88,88,POISON,GHOST,0,11709,380,30.813157894736843
3,VENUSAUR_1,Mega Venusaur,80,100,123,122,120,80,GRASS,POISON,0,14548,364,39.967032967032964
6,CHARIZARD_1,Mega Charizard X,78,130,111,130,85,100,FIRE,DRAGON,0,14343,360,39.84166666666667
6,CHARIZARD_2,Mega Charizard Y,78,104,78,159,115,100,FIRE,FLYING,0,15725,360,43.68055555555556
9,BLASTOISE_1,Mega Blastoise,79,103,120,135,115,78,WATER,,0,13958,362,38.55801104972376
15,BEEDRILL_1,Mega Beedrill,65,150,40,15,80,145,BUG,POISON,0,23440,334,70.17964071856288
18,PIDGEOT_1,Mega Pidgeot,83,80,80,135,80,121,NORMAL,FLYING,0,17400,370,47.027027027027025
19,RATTATA_1,Alolan,30,56,35,25,35,72,DARK,NORMAL,0,31531,264,119.43560606060606
20,RATICATE_1,Alolan,75,71,70,40,80,77,DARK,NORMAL,0,21813,354,61.61864406779661
26,RAICHU_1,Alolan,60,85,50,95,85,110,ELECTRIC,PSYCHIC,0,21386,324,66.00617283950618
27,SANDSHREW_1,Alolan,50,75,90,10,35,40,ICE,STEEL,0,24855,304,81.75986842105263
28,SANDSLASH_1,Alolan,75,100,120,25,65,65,ICE,STEEL,0,19358,354,54.68361581920904
37,VULPIX_1,Alolan,38,41,40,50,65,65,ICE,,0,27863,280,99.51071428571429
38,NINETALES_1,Alolan,73,67,75,81,100,109,ICE,FAIRY,0,19814,350,56.61142857142857
50,DIGLETT_1,Alolan,10,55,30,35,45,90,GROUND,STEEL,0,24943,224,111.35267857142857
51,DUGTRIO_1,Alolan,35,100,60,50,70,110,GROUND,STEEL,0,18852,274,68.8029197080292
52,MEOWTH_1,Alolan,40,35,35,50,40,90,DARK,,0,27528,284,96.92957746478874
52,MEOWTH_2,Galarian,50,65,55,40,40,40,STEEL,,0,20281,304,66.71381578947368
53,PERSIAN_1,Alolan,65,60,60,75,65,115,DARK,,0,21421,334,64.13473053892216
65,ALAKAZAM_1,Mega Alakazam,55,50,65,175,105,150,PSYCHIC,,0,19118,314,60.88535031847134
74,GEODUDE_1,Alolan,40,80,100,30,30,20,ROCK,ELECTRIC,0,24268,284,85.45070422535211
75,GRAVELER_1,Alolan,55,95,115,45,45,35,ROCK,ELECTRIC,0,21148,314,67.35031847133757
76,GOLEM_1,Alolan,80,120,130,55,65,45,ROCK,ELECTRIC,0,18301,364,50.277472527472526
77,PONYTA_1,Galarian,50,85,55,65,65,90,PSYCHIC,,0,22583,304,74.28618421052632
78,RAPIDASH_1,Galarian,65,100,70,80,80,105,PSYCHIC,FAIRY,0,18189,334,54.458083832335326
79,SLOWPOKE_1,Galarian,90,65,65,40,40,15,PSYCHIC,,0,23807,384,61.997395833333336
80,SLOWBRO_1,Galarian,95,100,95,100,70,30,POISON,PSYCHIC,0,17358,394,44.055837563451774
80,SLOWBRO_2,Mega Slowbro,95,75,180,130,80,30,WATER,PSYCHIC,0,14346,394,36.411167512690355
83,FARFETCHD_1,Galarian,52,95,55,58,62,55,FIGHTING,,0,23008,308,74.7012987012987
88,GRIMER_1,Alolan,80,80,50,40,50,25,POISON,DARK,0,20144,364,55.34065934065934
89,MUK_1,Alolan,105,105,75,65,100,50,POISON,DARK,0,15108,414,36.492753623188406
94,GENGAR_1,Mega Gengar,60,65,80,170,95,130,GHOST,POISON,0,14393,324,44.42283950617284
103,EXEGGUTOR_1,Alolan,95,105,85,125,75,45,GRASS,DRAGON,0,20329,394,51.59644670050761
105,MAROWAK_1,Alolan,60,80,110,50,80,45,FIRE,GHOST,0,13056,324,40.2962962962963
110,WEEZING_1,Galarian,65,90,120,85,70,60,POISON,FAIRY,0,15381,334,46.050898203592816
115,KANGASKHAN_1,Mega Kangaskhan,105,125,100,60,100,100,NORMAL,,0,16116,414,38.927536231884055
122,MRMIME_1,Galarian,50,65,65,90,90,100,ICE,PSYCHIC,0,22943,304,75.47039473684211
127,PINSIR_1,Mega Pinsir,65,155,120,65,90,105,BUG,FLYING,0,17001,334,50.90119760479042
130,GYARADOS_1,Mega Gyarados,95,155,109,70,130,81,WATER,FLYING,0,13406,394,34.025380710659896
142,AERODACTYL_1,Mega Aerodactyl,80,135,85,70,95,150,ROCK,FLYING,0,16554,364,45.47802197802198
144,ARTICUNO_1,Galarian,90,85,85,125,100,95,PSYCHIC,FLYING,0,16843,384,43.861979166666664
145,ZAPDOS_1,Galarian,90,125,90,85,90,100,FIGHTING,FLYING,0,17379,384,45.2578125
146,MOLTRES_1,Galarian,90,85,90,100,125,90,DARK,FLYING,0,14356,384,37.385416666666664
150,MEWTWO_1,Mega Mewtwo X,106,190,100,154,100,130,PSYCHIC,FIGHTING,0,16272,416,39.11538461538461
150,MEWTWO_2,Mega Mewtwo Y,106,150,70,194,120,140,PSYCHIC,,0,18073,416,43.44471153846154
181,AMPHAROS_1,Mega Ampharos,90,95,105,165,110,45,ELECTRIC,DRAGON,0,13938,384,36.296875
199,SLOWKING_1,Galarian,95,65,80,110,110,30,POISON,PSYCHIC,0,16417,394,41.66751269035533
208,STEELIX_1,Mega Steelix,75,125,230,55,95,30,STEEL,GROUND,0,10951,354,30.93502824858757
212,SCIZOR_1,Mega Scizor,70,150,140,100,75,65,BUG,STEEL,0,14136,344,41.093023255813954
214,HERACROSS_1,Mega Heracross,80,185,115,40,105,75,BUG,FIGHTING,0,17143,364,47.09615384615385
222,CORSOLA_1,Galarian,60,55,100,65,100,30,GHOST,,0,12511,324,38.614197530864196
229,HOUNDOOM_1,Mega Houndoom,75,90,90,140,90,115,DARK,FIRE,0,16443,354,46.44915254237288
248,TYRANITAR_1,Mega Tyranitar,100,164,150,95,120,71,ROCK,DARK,0,15617,404,38.65594059405941
254,SCEPTILE_1,Mega Sceptile,70,110,75,145,85,145,GRASS,DRAGON,0,20584,344,59.83720930232558
257,BLAZIKEN_1,Mega Blaziken,80,160,80,130,80,100,FIRE,FIGHTING,0,18741,364,51.48626373626374
260,SWAMPERT_1,Mega Swampert,100,150,110,95,110,70,WATER,GROUND,0,15733,404,38.943069306930695
263,ZIGZAGOON_1,Galarian,38,30,41,30,41,60,DARK,NORMAL,0,29491,280,105.325
264,LINOONE_1,Galarian,78,70,61,50,61,100,DARK,NORMAL,0,24223,360,67.28611111111111
282,GARDEVOIR_1,Mega Gardevoir,68,85,65,165,135,100,PSYCHIC,FAIRY,0,16419,340,48.29117647058823
302,SABLEYE_1,Mega Sableye,50,85,125,85,115,20,DARK,GHOST,0,9717,304,31.963815789473685
303,MAWILE_1,Mega Mawile,50,105,125,55,95,50,STEEL,FAIRY,0,10915,304,35.9046052631579
306,AGGRON_1,Mega Aggron,70,140,230,60,80,50,STEEL,,0,10693,344,31.084302325581394
308,MEDICHAM_1,Mega Medicham,60,100,85,80,85,100,FIGHTING,PSYCHIC,0,18053,324,55.71913580246913
310,MANECTRIC_1,Mega Manectric,70,75,80,135,80,135,ELECTRIC,,0,17259,344,50.17151162790697
319,SHARPEDO_1,Mega Sharpedo,70,140,70,110,65,105,WATER,DARK,0,20583,344,59.8343023255814
323,CAMERUPT_1,Mega Camerupt,70,120,100,145,105,20,FIRE,GROUND,0,16635,344,48.35755813953488
334,ALTARIA_1,Mega Altaria,75,110,110,110,105,80,DRAGON,FAIRY,0,12833,354,36.25141242937853
351,CASTFORM_1,Sunny Form,70,100,100,100,100,70,FIRE,,0,15314,344,44.51744186046512
351,CASTFORM_2,Rainy Form,70,100,100,100,100,70,WATER,,0,15598,344,45.343023255813954
351,CASTFORM_3,Snowy Form,70,100,100,100,100,70,ICE,,0,18579,344,54.008720930232556
351,CASTFORM_4,Windy Form,70,100,100,100,100,70,FLYING,,0,15017,344,43.65406976744186
354,BANETTE_1,Mega Banette,64,165,75,93,83,75,GHOST,,0,14532,332,43.7710843373494
359,ABSOL_1,Mega Absol,65,150,60,115,60,115,DARK,,0,21819,334,65.32634730538922
362,GLALIE_1,Mega Glalie,80,120,80,120,80,100,ICE,,0,21346,364,58.642857142857146
373,SALAMENCE_1,Mega Salamence,95,145,130,120,90,120,DRAGON,FLYING,0,13986,394,35.49746192893401
376,METAGROSS_1,Mega Metagross,95,145,130,120,90,120,STEEL,PSYCHIC,0,12724,394,32.29441624365482
380,LATIAS_1,Mega Latias,80,100,120,140,150,110,DRAGON,PSYCHIC,0,13224,364,36.32967032967033
381,LATIOS_1,Mega Latios,80,130,100,160,120,110,DRAGON,PSYCHIC,0,15149,364,41.61813186813187
382,KYOGRE_1,Primal Kyogre,100,150,90,180,160,90,WATER,,0,14304,404,35.40594059405941
383,GROUDON_1,Primal Groudon,100,180,160,150,90,90,GROUND,FIRE,0,14798,404,36.62871287128713
384,RAYQUAZA_1,Mega Rayquaza,105,180,100,180,100,115,DRAGON,FLYING,0,14904,414,36.0
386,DEOXYS_1,Attack Forme,50,180,20,180,20,150,PSYCHIC,,0,34937,304,114.92434210526316
386,DEOXYS_2,Defense Forme,50,70,160,70,160,90,PSYCHIC,,0,11775,304,38.733552631578945
386,DEOXYS_3,Speed Forme,50,95,90,95,90,180,PSYCHIC,,0,17695,304,58.20723684210526
413,WORMADAM_1,Sandy Cloak,60,79,105,59,85,36,BUG,GROUND,0,17827,324,55.02160493827161
413,WORMADAM_2,Trash Cloak,60,69,95,69,95,36,BUG,STEEL,0,14788,324,45.641975308641975
428,LOPUNNY_1,Mega Lopunny,65,136,94,54,96,135,NORMAL,FIGHTING,0,17909,334,53.619760479041915
445,GARCHOMP_1,Mega Garchomp,108,170,115,120,95,92,DRAGON,GROUND,0,15626,420,37.2047619047619
448,LUCARIO_1,Mega Lucario,70,145,88,140,70,112,FIGHTING,STEEL,0,15858,344,46.098837209302324
460,ABOMASNOW_1,Mega Abomasnow,90,132,105,132,105,30,GRASS,ICE,0,20968,384,54.604166666666664
475,GALLADE_1,Mega Gallade,68,165,95,65,115,110,PSYCHIC,FIGHTING,0,15916,340,46.811764705882354
479,ROTOM_1,Heat Rotom,50,65,107,105,107,86,ELECTRIC,FIRE,0,15064,304,49.55263157894737
479,ROTOM_2,Wash Rotom,50,65,107,105,107,86,ELECTRIC,WATER,0,14353,304,47.213815789473685
479,ROTOM_3,Frost Rotom,50,65,107,105,107,86,ELECTRIC,ICE,0,17094,304,56.23026315789474
479,ROTOM_4,Fan Rotom,50,65,107,105,107,86,ELECTRIC,FLYING,0,13021,304,42.83223684210526
479,ROTOM_5,Mow Rotom,50,65,107,105,107,86,ELECTRIC,GRASS,0,15956,304,52.48684210526316
487,GIRATINA_1,Origin Forme,150,120,100,120,100,90,GHOST,DRAGON,0,11912,504,23.634920634920636
492,SHAYMIN_1,Sky Forme,100,103,75,120,75,127,GRASS,FLYING,0,20983,404,51.93811881188119
493,ARCEUS_1,Fighting Type,120,120,120,120,120,120,FIGHTING,,0,14717,444,33.1463963963964
493,ARCEUS_2,Flying Type,120,120,120,120,120,120,FLYING,,0,13273,444,29.894144144144143
493,ARCEUS_3,Poison Type,120,120,120,120,120,120,POISON,,0,13426,444,30.23873873873874
493,ARCEUS_4,Ground Type,120,120,120,120,120,120,GROUND,,0,15050,444,33.8963963963964
493,ARCEUS_5,Rock Type,120,120,120,120,120,120,ROCK,,0,15581,444,35.09234234234234
493,ARCEUS_6,Bug Type,120,120,120,120,120,120,BUG,,0,14608,444,32.9009009009009
493,ARCEUS_7,Ghost Type,120,120,120,120,120,120,GHOST,,0,11052,444,24.89189189189189
493,ARCEUS_8,Steel Type,120,120,120,120,120,120,STEEL,,0,11762,444,26.49099099099099
493,ARCEUS_10,Fire Type,120,120,120,120,120,120,FIRE,,0,13535,444,30.484234234234233
493,ARCEUS_11,Water Type,120,120,120,120,120,120,WATER,,0,13784,444,31.045045045045047
493,ARCEUS_12,Grass Type,120,120,120,120,120,120,GRASS,,0,15589,444,35.11036036036036
493,ARCEUS_13,Electric Type,120,120,120,120,120,120,ELECTRIC,,0,13270,444,29.88738738738739
493,ARCEUS_14,Psychic Type,120,120,120,120,120,120,PSYCHIC,,0,14568,444,32.810810810810814
493,ARCEUS_15,Ice Type,120,120,120,120,120,120,ICE,,0,16423,444,36.98873873873874
493,ARCEUS_16,Dragon Type,120,120,120,120,120,120,DRAGON,,0,13125,444,29.56081081081081
493,ARCEUS_17,Dark Type,120,120,120,120,120,120,DARK,,0,14233,444,32.056306306306304
493,ARCEUS_18,Fairy Type,120,120,120,120,120,120,FAIRY,,0,12950,444,29.166666666666668
531,AUDINO_1,Mega Audino,103,60,126,80,126,50,NORMAL,,0,13757,410,33.55365853658537
554,DARUMAKA_2,Galarian,70,90,45,15,45,50,ICE,,0,29087,344,84.55523255813954
555,DARMANITAN_1,Zen Mode,105,30,105,140,105,55,FIRE,PSYCHIC,0,15375,414,37.13768115942029
555,DARMANITAN_2,Galarian,105,140,55,40,55,95,ICE,,0,26422,414,63.82125603864734
555,DARMANITAN_3,Galarian Zen Mode,105,160,55,30,55,135,ICE,FIRE,0,25892,414,62.54106280193237
562,YAMASK_1,Galarian,38,55,85,30,65,30,GROUND,GHOST,0,17049,280,60.88928571428571
618,STUNFISK_1,Galarian,109,81,99,66,84,32,GROUND,STEEL,0,15195,422,36.007109004739334
641,TORNADUS_1,Therian Forme,79,100,80,110,90,121,FLYING,,0,16734,362,46.226519337016576
642,THUNDURUS_1,Therian Forme,79,105,70,145,80,101,ELECTRIC,FLYING,0,16306,362,45.04419889502763
645,LANDORUS_1,Therian Forme,89,145,90,105,80,91,GROUND,FLYING,0,17279,382,45.23298429319372
646,KYUREM_1,White Kyurem,125,120,90,170,100,95,DRAGON,ICE,0,17851,454,39.319383259911895
646,KYUREM_2,Black Kyurem,125,170,100,120,90,95,DRAGON,ICE,0,17620,454,38.81057268722467
646,KYUREM_3,,125,120,90,170,100,95,DRAGON,ICE,0,17851,454,39.319383259911895
646,KYUREM_4,,125,170,100,120,90,95,DRAGON,ICE,0,17620,454,38.81057268722467
648,MELOETTA_1,Pirouette Forme,100,128,90,77,77,128,NORMAL,FIGHTING,0,19377,404,47.96287128712871
658,GRENINJA_2,Ash-Greninja,72,145,67,153,71,132,WATER,DARK,0,20446,348,58.752873563218394
670,FLOETTE_5,Eternal Flower,74,65,67,125,128,92,FAIRY,,0,15849,352,45.02556818181818
681,AEGISLASH_1,Blade Forme,60,140,50,140,50,60,STEEL,GHOST,0,16337,324,50.42283950617284
710,PUMPKABOO_2,Large Size,54,66,70,44,55,46,GHOST,GRASS,0,18538,312,59.416666666666664
710,PUMPKABOO_3,Super Size,59,66,70,44,55,41,GHOST,GRASS,0,18538,322,57.57142857142857
711,GOURGEIST_2,Large Size,75,95,122,58,75,69,GHOST,GRASS,0,14261,354,40.28531073446328
711,GOURGEIST_3,Super Size,85,100,122,58,75,54,GHOST,GRASS,0,14261,374,38.13101604278075
718,ZYGARDE_1,10% Forme,54,100,71,61,85,115,DRAGON,GROUND,0,19152,312,61.38461538461539
718,ZYGARDE_2,Complete Forme,216,100,121,91,95,85,DRAGON,GROUND,0,15332,636,24.10691823899371
718,ZYGARDE_3,,216,100,121,91,95,85,DRAGON,GROUND,0,15332,636,24.10691823899371
719,DIANCIE_1,Mega Diancie,50,160,110,160,110,110,ROCK,FAIRY,0,15617,304,51.37171052631579
720,HOOPA_1,Hoopa Unbound,80,160,60,170,130,80,PSYCHIC,DARK,0,19912,364,54.7032967032967
741,ORICORIO_1,Pom-Pom Style,75,70,70,98,70,93,ELECTRIC,FLYING,0,16901,354,47.74293785310734
741,ORICORIO_2,Pa'u Style,75,70,70,98,70,93,PSYCHIC,FLYING,0,19762,354,55.824858757062145
741,ORICORIO_3,Sensu Style,75,70,70,98,70,93,GHOST,FLYING,0,16002,354,45.20338983050848
745,LYCANROC_1,Midnight Form,85,115,75,55,75,82,ROCK,,0,21064,374,56.32085561497326
745,LYCANROC_2,Dusk Form,75,117,65,55,65,110,ROCK,,0,22840,354,64.51977401129943
746,WISHIWASHI_1,School Form,45,140,130,140,135,30,WATER,,0,12851,294,43.7108843537415
773,SILVALLY_1,Type: Fighting,95,95,95,95,95,95,FIGHTING,,0,17198,394,43.6497461928934
773,SILVALLY_2,Type: Flying,95,95,95,95,95,95,FLYING,,0,15509,394,39.36294416243655
773,SILVALLY_3,Type: Poison,95,95,95,95,95,95,POISON,,0,15694,394,39.83248730964467
773,SILVALLY_4,Type: Ground,95,95,95,95,95,95,GROUND,,0,17585,394,44.631979695431475
773,SILVALLY_5,Type: Rock,95,95,95,95,95,95,ROCK,,0,18206,394,46.20812182741117
773,SILVALLY_6,Type: Bug,95,95,95,95,95,95,BUG,,0,17070,394,43.3248730964467
773,SILVALLY_7,Type: Ghost,95,95,95,95,95,95,GHOST,,0,12920,394,32.79187817258883
773,SILVALLY_8,Type: Steel,95,95,95,95,95,95,STEEL,,0,13745,394,34.88578680203046
773,SILVALLY_10,Type: Fire,95,95,95,95,95,95,FIRE,,0,15820,394,40.15228426395939
773,SILVALLY_11,Type: Water,95,95,95,95,95,95,WATER,,0,16106,394,40.878172588832484
773,SILVALLY_12,Type: Grass,95,95,95,95,95,95,GRASS,,0,18211,394,46.22081218274111
773,SILVALLY_13,Type: Electric,95,95,95,95,95,95,ELECTRIC,,0,15509,394,39.36294416243655
773,SILVALLY_14,Type: Psychic,95,95,95,95,95,95,PSYCHIC,,0,17025,394,43.21065989847716
773,SILVALLY_15,Type: Ice,95,95,95,95,95,95,ICE,,0,19182,394,48.68527918781726
773,SILVALLY_16,Type: Dragon,95,95,95,95,95,95,DRAGON,,0,15339,394,38.931472081218274
773,SILVALLY_17,Type: Dark,95,95,95,95,95,95,DARK,,0,16626,394,42.19796954314721
773,SILVALLY_18,Type: Fairy,95,95,95,95,95,95,FAIRY,,0,15137,394,38.41878172588832
774,MINIOR_7,Red Core,60,100,60,100,60,120,ROCK,FLYING,0,20887,324,64.46604938271605
774,MINIOR_8,Orange Core,60,100,60,100,60,120,ROCK,FLYING,0,20887,324,64.46604938271605
774,MINIOR_9,Yellow Core,60,100,60,100,60,120,ROCK,FLYING,0,20887,324,64.46604938271605
774,MINIOR_10,Green Core,60,100,60,100,60,120,ROCK,FLYING,0,20887,324,64.46604938271605
774,MINIOR_11,Blue Core,60,100,60,100,60,120,ROCK,FLYING,0,20887,324,64.46604938271605
774,MINIOR_12,Indigo Core,60,100,60,100,60,120,ROCK,FLYING,0,20887,324,64.46604938271605
774,MINIOR_13,Violet Core,60,100,60,100,60,120,ROCK,FLYING,0,20887,324,64.46604938271605
800,NECROZMA_1,Dusk Mane,97,157,127,113,109,77,PSYCHIC,STEEL,0,12111,398,30.42964824120603
800,NECROZMA_2,Dawn Wings,97,113,109,157,127,77,PSYCHIC,GHOST,0,13427,398,33.73618090452261
800,NECROZMA_3,Ultra Necrozma,97,167,97,167,97,129,PSYCHIC,DRAGON,0,16196,398,40.69346733668342
800,NECROZMA_4,,97,167,97,167,97,129,PSYCHIC,DRAGON,0,16196,398,40.69346733668342
875,EISCUE_1,Noice Face,75,80,70,65,50,130,ICE,,0,25074,354,70.83050847457628
876,INDEEDEE_1,Female,70,55,65,95,105,85,PSYCHIC,NORMAL,0,18831,344,54.741279069767444
888,ZACIAN_1,Crowned Sword,92,150,115,80,115,148,FAIRY,STEEL,0,10584,388,27.278350515463917
889,ZAMAZENTA_1,Crowned Shield,92,120,140,80,140,128,FIGHTING,STEEL,0,10877,388,28.033505154639176
892,URSHIFU_1,Rapid Strike Style,100,130,100,63,60,97,FIGHTING,WATER,0,19569,404,48.43811881188119
898,CALYREX_1,Ice Rider,100,165,150,85,130,50,PSYCHIC,ICE,0,15019,404,37.17574257425743
