Pokémon,HP,Atk,Def,SpAtk,SpDef,Speed,Type,Type,Damage Dealt,Damage Taken,HP,Num KO
1,BULBASAUR,,45,49,49,65,65,45,GRASS,POISON,0,320,294,1.08843537414966
2,IVYSAUR,,60,62,63,80,80,60,GRASS,POISON,0,281,324,0.8672839506172839
3,VENUSAUR,,80,82,83,100,100,80,GRASS,POISON,0,238,364,0.6538461538461539
4,CHARMANDER,,39,52,43,60,50,65,FIRE,,0,341,282,1.2092198581560283
5,CHARMELEON,,58,64,58,80,65,80,FIRE,,0,294,320,0.91875
6,CHARIZARD,,78,84,78,109,85,100,FIRE,FLYING,0,248,360,0.6888888888888889
7,SQUIRTLE,,44,48,65,50,64,43,WATER,,0,276,292,0.9452054794520548
8,WARTORTLE,,59,63,80,65,80,58,WATER,,0,244,322,0.7577639751552795
9,BLASTOISE,,79,83,100,85,105,78,WATER,,0,212,362,0.585635359116022
10,CATERPIE,,45,30,35,20,20,45,BUG,,0,373,294,1.2687074829931972
11,METAPOD,,50,20,55,25,25,30,BUG,,0,306,304,1.006578947368421
12,BUTTERFREE,,60,45,50,90,80,70,BUG,FLYING,0,317,324,0.9783950617283951
13,WEEDLE,,40,35,30,20,20,50,BUG,POISON,0,396,284,1.3943661971830985
14,KAKUNA,,45,25,50,25,25,35,BUG,POISON,0,317,294,1.0782312925170068
15,BEEDRILL,,65,90,40,45,80,75,BUG,POISON,0,352,334,1.0538922155688624
16,PIDGEY,,40,45,40,35,35,56,NORMAL,FLYING,0,352,284,1.2394366197183098
17,PIDGEOTTO,,63,60,55,50,50,71,NORMAL,FLYING,0,302,330,0.9151515151515152
18,PIDGEOT,,83,80,75,70,70,101,NORMAL,FLYING,0,254,370,0.6864864864864865
19,RATTATA,,30,56,35,25,35,72,NORMAL,,0,373,264,1.4128787878787878
20,RATICATE,,55,81,60,50,70,97,NORMAL,,0,288,314,0.9171974522292994
21,SPEAROW,,40,60,30,31,31,70,NORMAL,FLYING,0,396,284,1.3943661971830985
22,FEAROW,,65,90,65,61,61,100,NORMAL,FLYING,0,276,334,0.8263473053892215
23,EKANS,,35,60,44,40,54,55,POISON,,0,337,274,1.22992700729927
24,ARBOK,,60,95,69,65,79,80,POISON,,0,266,324,0.8209876543209876
25,PIKACHU,,35,55,40,50,50,90,ELECTRIC,,0,352,274,1.2846715328467153
26,RAICHU,,60,90,55,90,80,110,ELECTRIC,,0,302,324,0.9320987654320988
27,SANDSHREW,,50,75,85,20,30,40,GROUND,,0,287,304,0.944078947368421
28,SANDSLASH,,75,100,110,45,55,65,GROUND,,0,219,354,0.6186440677966102
29,NIDORANfE,,55,47,52,40,40,41,POISON,,0,311,314,0.9904458598726115
30,NIDORINA,,70,62,67,55,55,56,POISON,,0,271,344,0.7877906976744186
31,NIDOQUEEN,,90,92,87,75,85,76,POISON,GROUND,0,232,384,0.6041666666666666
32,NIDORANmA,,46,57,40,40,40,50,POISON,,0,352,296,1.1891891891891893
33,NIDORINO,,61,72,57,55,55,65,POISON,,0,296,326,0.9079754601226994
34,NIDOKING,,81,102,77,85,75,85,POISON,GROUND,0,250,366,0.6830601092896175
35,CLEFAIRY,,70,45,48,60,65,35,FAIRY,,0,324,344,0.9418604651162791
36,CLEFABLE,,95,70,73,95,90,60,FAIRY,,0,258,394,0.6548223350253807
37,VULPIX,,38,41,40,50,65,65,FIRE,,0,352,280,1.2571428571428571
38,NINETALES,,73,76,75,81,100,100,FIRE,,0,254,350,0.7257142857142858
39,JIGGLYPUFF,,115,45,20,45,25,20,NORMAL,FAIRY,0,453,434,1.043778801843318
40,WIGGLYTUFF,,140,70,45,85,50,45,NORMAL,FAIRY,0,334,484,0.6900826446280992
41,ZUBAT,,40,45,35,30,40,55,POISON,FLYING,0,373,284,1.3133802816901408
42,GOLBAT,,75,80,70,65,75,90,POISON,FLYING,0,264,354,0.7457627118644068
43,ODDISH,,45,50,55,75,65,30,GRASS,POISON,0,302,294,1.0272108843537415
44,GLOOM,,60,65,70,85,75,40,GRASS,POISON,0,264,324,0.8148148148148148
45,VILEPLUME,,75,80,85,110,90,50,GRASS,POISON,0,235,354,0.6638418079096046
46,PARAS,,35,70,55,45,55,25,BUG,GRASS,0,302,274,1.102189781021898
47,PARASECT,,60,95,80,60,80,30,BUG,GRASS,0,244,324,0.7530864197530864
48,VENONAT,,60,55,50,40,55,45,BUG,POISON,0,317,324,0.9783950617283951
49,VENOMOTH,,70,65,60,90,75,90,BUG,POISON,0,288,344,0.8372093023255814
50,DIGLETT,,10,55,25,35,45,95,GROUND,,0,423,224,1.8883928571428572
51,DUGTRIO,,35,100,50,50,70,120,GROUND,,0,317,274,1.1569343065693432
52,MEOWTH,,40,45,35,40,40,90,NORMAL,,0,373,284,1.3133802816901408
53,PERSIAN,,65,70,60,65,65,115,NORMAL,,0,288,334,0.8622754491017964
54,PSYDUCK,,50,52,48,65,50,55,WATER,,0,324,304,1.0657894736842106
55,GOLDUCK,,80,82,78,95,80,85,WATER,,0,248,364,0.6813186813186813
56,MANKEY,,40,80,35,35,45,70,FIGHTING,,0,373,284,1.3133802816901408
57,PRIMEAPE,,65,105,60,60,70,95,FIGHTING,,0,288,334,0.8622754491017964
58,GROWLITHE,,55,70,45,70,50,60,FIRE,,0,334,314,1.0636942675159236
59,ARCANINE,,90,110,80,100,80,95,FIRE,,0,244,384,0.6354166666666666
60,POLIWAG,,40,50,40,40,40,90,WATER,,0,352,284,1.2394366197183098
61,POLIWHIRL,,65,65,65,50,50,90,WATER,,0,276,334,0.8263473053892215
62,POLIWRATH,,90,95,95,70,90,70,WATER,FIGHTING,0,219,384,0.5703125
63,ABRA,,25,20,15,105,55,90,PSYCHIC,,0,488,254,1.921259842519685
64,KADABRA,,40,35,30,120,70,105,PSYCHIC,,0,396,284,1.3943661971830985
65,ALAKAZAM,,55,50,45,135,95,120,PSYCHIC,,0,334,314,1.0636942675159236
66,MACHOP,,70,80,50,35,35,35,FIGHTING,,0,317,344,0.9215116279069767
67,MACHOKE,,80,100,70,50,60,45,FIGHTING,,0,264,364,0.7252747252747253
68,MACHAMP,,90,130,80,65,85,55,FIGHTING,,0,244,384,0.6354166666666666
69,BELLSPROUT,,50,75,35,70,30,40,GRASS,POISON,0,373,304,1.2269736842105263
70,WEEPINBELL,,65,90,50,85,45,55,GRASS,POISON,0,317,334,0.9491017964071856
71,VICTREEBEL,,80,105,65,100,70,70,GRASS,POISON,0,276,364,0.7582417582417582
72,TENTACOOL,,40,40,35,50,100,70,WATER,POISON,0,373,284,1.3133802816901408
73,TENTACRUEL,,80,70,65,80,120,100,WATER,POISON,0,276,364,0.7582417582417582
74,GEODUDE,,40,80,100,30,30,20,ROCK,GROUND,0,287,284,1.0105633802816902
75,GRAVELER,,55,95,115,45,45,35,ROCK,GROUND,0,242,314,0.7707006369426752
76,GOLEM,,80,120,130,55,65,45,ROCK,GROUND,0,200,364,0.5494505494505495
77,PONYTA,,50,85,55,65,65,90,FIRE,,0,302,304,0.993421052631579
78,RAPIDASH,,65,100,70,80,80,105,FIRE,,0,264,334,0.7904191616766467
79,SLOWPOKE,,90,65,65,40,40,15,WATER,PSYCHIC,0,276,384,0.71875
80,SLOWBRO,,95,75,110,100,80,30,WATER,PSYCHIC,0,198,394,0.5025380710659898
81,MAGNEMITE,,25,35,70,95,55,45,ELECTRIC,STEEL,0,264,254,1.0393700787401574
82,MAGNETON,,50,60,95,120,70,70,ELECTRIC,STEEL,0,219,304,0.7203947368421053
83,FARFETCHD,,52,90,55,58,62,60,NORMAL,FLYING,0,302,308,0.9805194805194806
84,DODUO,,35,85,45,35,35,75,NORMAL,FLYING,0,334,274,1.218978102189781
85,DODRIO,,60,110,70,60,60,110,NORMAL,FLYING,0,264,324,0.8148148148148148
86,SEEL,,65,45,55,45,70,45,WATER,,0,302,334,0.9041916167664671
87,DEWGONG,,90,70,80,70,95,70,WATER,ICE,0,244,384,0.6354166666666666
88,GRIMER,,80,80,50,40,50,25,POISON,,0,317,364,0.8708791208791209
89,MUK,,105,105,75,65,100,50,POISON,,0,254,414,0.6135265700483091
90,SHELLDER,,30,65,100,45,25,40,WATER,,0,306,264,1.1590909090909092
91,CLOYSTER,,50,95,180,85,45,70,WATER,ICE,0,242,304,0.7960526315789473
92,GASTLY,,30,35,30,100,35,80,GHOST,POISON,0,396,264,1.5
93,HAUNTER,,45,50,45,115,55,95,GHOST,POISON,0,334,294,1.1360544217687074
94,GENGAR,,60,65,60,130,75,110,GHOST,POISON,0,288,324,0.8888888888888888
95,ONIX,,35,45,160,30,45,70,ROCK,GROUND,0,242,274,0.8832116788321168
96,DROWZEE,,60,48,45,43,90,42,PSYCHIC,,0,334,324,1.0308641975308641
97,HYPNO,,85,73,70,73,115,67,PSYCHIC,,0,264,374,0.7058823529411765
98,KRABBY,,30,105,90,25,25,50,WATER,,0,306,264,1.1590909090909092
99,KINGLER,,55,130,115,50,50,75,WATER,,0,230,314,0.732484076433121
100,VOLTORB,,40,30,50,55,55,100,ELECTRIC,,0,317,284,1.1161971830985915
101,ELECTRODE,,60,50,70,80,80,150,ELECTRIC,,0,264,324,0.8148148148148148
102,EXEGGCUTE,,60,40,80,60,45,40,GRASS,PSYCHIC,0,244,324,0.7530864197530864
103,EXEGGUTOR,,95,95,85,125,75,55,GRASS,PSYCHIC,0,235,394,0.5964467005076142
104,CUBONE,,50,50,95,40,50,35,GROUND,,0,230,304,0.756578947368421
105,MAROWAK,,60,80,110,50,80,45,GROUND,,0,198,324,0.6111111111111112
106,HITMONLEE,,50,120,53,35,110,87,FIGHTING,,0,308,304,1.013157894736842
107,HITMONCHAN,,50,105,79,35,110,76,FIGHTING,,0,246,304,0.8092105263157895
108,LICKITUNG,,90,55,75,60,75,30,NORMAL,,0,254,384,0.6614583333333334
109,KOFFING,,40,65,95,60,45,35,POISON,,0,242,284,0.852112676056338
110,WEEZING,,65,90,120,85,70,60,POISON,,0,192,334,0.5748502994011976
111,RHYHORN,,80,85,95,30,30,25,GROUND,ROCK,0,287,364,0.7884615384615384
112,RHYDON,,105,130,120,45,45,40,GROUND,ROCK,0,242,414,0.5845410628019324
113,CHANSEY,,250,5,5,35,105,50,NORMAL,,0,578,704,0.8210227272727273
114,TANGELA,,65,55,115,100,40,60,GRASS,,0,255,334,0.7634730538922155
115,KANGASKHAN,,105,95,80,40,80,90,NORMAL,,0,244,414,0.5893719806763285
116,HORSEA,,30,40,70,70,25,60,WATER,,0,306,264,1.1590909090909092
117,SEADRA,,55,65,95,95,45,85,WATER,,0,242,314,0.7707006369426752
118,GOLDEEN,,45,67,60,35,50,63,WATER,,0,288,294,0.9795918367346939
119,SEAKING,,80,92,65,65,80,68,WATER,,0,276,364,0.7582417582417582
120,STARYU,,30,45,55,70,55,85,WATER,,0,302,264,1.143939393939394
121,STARMIE,,60,75,85,100,85,115,WATER,PSYCHIC,0,235,324,0.7253086419753086
122,MRMIME,,40,45,65,100,120,90,PSYCHIC,FAIRY,0,276,284,0.971830985915493
123,SCYTHER,,70,110,80,55,80,105,BUG,FLYING,0,244,344,0.7093023255813954
124,JYNX,,65,50,35,115,95,95,ICE,PSYCHIC,0,373,334,1.1167664670658684
125,ELECTABUZZ,,65,83,57,95,85,105,ELECTRIC,,0,296,334,0.8862275449101796
126,MAGMAR,,65,95,57,100,85,93,FIRE,,0,296,334,0.8862275449101796
127,PINSIR,,65,125,100,55,70,85,BUG,,0,212,334,0.6347305389221557
128,TAUROS,,75,100,95,40,70,110,NORMAL,,0,219,354,0.6186440677966102
129,MAGIKARP,,20,10,55,15,20,80,WATER,,0,328,244,1.3442622950819672
130,GYARADOS,,95,125,79,60,100,81,WATER,FLYING,0,246,394,0.6243654822335025
131,LAPRAS,,130,85,80,85,95,60,WATER,ICE,0,244,464,0.5258620689655172
132,DITTO,,48,48,48,48,48,48,NORMAL,,0,324,300,1.08
133,EEVEE,,55,55,50,45,65,55,NORMAL,,0,317,314,1.0095541401273886
134,VAPOREON,,130,65,60,110,95,65,WATER,,0,288,464,0.6206896551724138
135,JOLTEON,,65,65,60,110,95,130,ELECTRIC,,0,288,334,0.8622754491017964
136,FLAREON,,65,130,60,95,110,65,FIRE,,0,288,334,0.8622754491017964
137,PORYGON,,65,60,70,85,75,40,NORMAL,,0,264,334,0.7904191616766467
138,OMANYTE,,35,40,100,90,55,35,ROCK,WATER,0,219,274,0.7992700729927007
139,OMASTAR,,70,60,125,115,70,55,ROCK,WATER,0,192,344,0.5581395348837209
140,KABUTO,,30,80,90,55,45,55,ROCK,WATER,0,242,264,0.9166666666666666
141,KABUTOPS,,60,115,105,65,70,80,ROCK,WATER,0,205,324,0.6327160493827161
142,AERODACTYL,,80,105,65,60,75,130,ROCK,FLYING,0,276,364,0.7582417582417582
143,SNORLAX,,160,110,65,65,110,30,NORMAL,,0,276,524,0.5267175572519084
144,ARTICUNO,,90,85,100,95,125,85,ICE,FLYING,0,212,384,0.5520833333333334
145,ZAPDOS,,90,90,85,125,90,100,ELECTRIC,FLYING,0,235,384,0.6119791666666666
146,MOLTRES,,90,100,90,125,85,90,FIRE,FLYING,0,227,384,0.5911458333333334
147,DRATINI,,41,64,45,50,50,50,DRAGON,,0,334,286,1.167832167832168
148,DRAGONAIR,,61,84,65,70,70,70,DRAGON,,0,276,326,0.8466257668711656
149,DRAGONITE,,91,134,95,100,100,80,DRAGON,FLYING,0,219,386,0.5673575129533679
150,MEWTWO,,106,110,90,154,90,130,PSYCHIC,,0,227,416,0.5456730769230769
151,MEW,,100,100,100,100,100,100,PSYCHIC,,324983,212,404,0.5247524752475248
152,CHIKORITA,,45,49,65,49,65,45,GRASS,,0,276,294,0.9387755102040817
153,BAYLEEF,,60,62,80,63,80,60,GRASS,,0,244,324,0.7530864197530864
154,MEGANIUM,,80,82,100,83,100,80,GRASS,,0,212,364,0.5824175824175825
155,CYNDAQUIL,,39,52,43,60,50,65,FIRE,,0,341,282,1.2092198581560283
156,QUILAVA,,58,64,58,80,65,80,FIRE,,0,294,320,0.91875
157,TYPHLOSION,,78,84,78,109,85,100,FIRE,,0,248,360,0.6888888888888889
158,TOTODILE,,50,65,64,44,48,43,WATER,,0,278,304,0.9144736842105263
159,CROCONAW,,65,80,80,59,63,58,WATER,,0,244,334,0.7305389221556886
160,FERALIGATR,,85,105,100,79,83,78,WATER,,0,212,374,0.5668449197860963
161,SENTRET,,35,46,34,35,45,20,NORMAL,,0,377,274,1.3759124087591241
162,FURRET,,85,76,64,45,55,90,NORMAL,,0,278,374,0.7433155080213903
163,HOOTHOOT,,60,30,30,36,56,50,NORMAL,FLYING,0,396,324,1.2222222222222223
164,NOCTOWL,,100,50,50,86,96,70,NORMAL,FLYING,0,317,404,0.7846534653465347
165,LEDYBA,,40,20,30,40,80,55,BUG,FLYING,0,396,284,1.3943661971830985
166,LEDIAN,,55,35,50,85,110,85,BUG,FLYING,0,317,314,1.0095541401273886
167,SPINARAK,,40,60,40,40,40,30,BUG,POISON,0,352,284,1.2394366197183098
168,ARIADOS,,70,90,70,60,70,40,BUG,POISON,0,264,344,0.7674418604651163
169,CROBAT,,85,90,80,70,80,130,POISON,FLYING,0,244,374,0.6524064171122995
170,CHINCHOU,,75,38,38,56,56,67,WATER,ELECTRIC,0,360,354,1.0169491525423728
171,LANTURN,,125,58,58,76,76,67,WATER,ELECTRIC,0,294,454,0.6475770925110133
172,PICHU,,20,40,15,35,35,60,ELECTRIC,,0,488,244,2.0
173,CLEFFA,,50,25,28,45,55,15,FAIRY,,0,407,304,1.3388157894736843
174,IGGLYBUFF,,90,30,15,40,20,15,NORMAL,FAIRY,0,488,384,1.2708333333333333
175,TOGEPI,,35,20,65,40,65,20,FAIRY,,0,276,274,1.0072992700729928
176,TOGETIC,,55,40,85,80,105,40,FAIRY,FLYING,0,235,314,0.7484076433121019
177,NATU,,40,50,45,70,45,70,PSYCHIC,FLYING,0,334,284,1.176056338028169
178,XATU,,65,75,70,95,70,95,PSYCHIC,FLYING,0,264,334,0.7904191616766467
179,MAREEP,,55,40,40,65,45,35,ELECTRIC,,0,352,314,1.1210191082802548
180,FLAAFFY,,70,55,55,80,60,45,ELECTRIC,,0,302,344,0.877906976744186
181,AMPHAROS,,90,75,85,115,90,55,ELECTRIC,,0,235,384,0.6119791666666666
182,BELLOSSOM,,75,80,95,90,100,50,GRASS,,0,219,354,0.6186440677966102
183,MARILL,,70,20,50,20,50,40,WATER,FAIRY,0,317,344,0.9215116279069767
184,AZUMARILL,,100,50,80,60,80,50,WATER,FAIRY,0,244,404,0.6039603960396039
185,SUDOWOODO,,70,100,115,30,65,30,ROCK,,0,200,344,0.5813953488372093
186,POLITOED,,90,75,75,90,100,70,WATER,,0,254,384,0.6614583333333334
187,HOPPIP,,35,35,40,35,55,50,GRASS,FLYING,0,352,274,1.2846715328467153
188,SKIPLOOM,,55,45,50,45,65,80,GRASS,FLYING,0,317,314,1.0095541401273886
189,JUMPLUFF,,75,55,70,55,95,110,GRASS,FLYING,0,264,354,0.7457627118644068
190,AIPOM,,55,70,55,40,55,85,NORMAL,,0,302,314,0.9617834394904459
191,SUNKERN,,30,30,30,30,30,30,GRASS,,0,396,264,1.5
192,SUNFLORA,,75,75,55,105,85,30,GRASS,,0,302,354,0.8531073446327684
193,YANMA,,65,65,45,75,45,95,BUG,FLYING,0,334,334,1.0
194,WOOPER,,55,45,45,25,25,15,WATER,GROUND,0,334,314,1.0636942675159236
195,QUAGSIRE,,95,85,85,65,65,35,WATER,GROUND,0,235,394,0.5964467005076142
196,ESPEON,,65,65,60,130,95,110,PSYCHIC,,0,288,334,0.8622754491017964
197,UMBREON,,95,65,110,60,130,65,DARK,,0,198,394,0.5025380710659898
198,MURKROW,,60,85,42,85,42,91,DARK,FLYING,0,345,324,1.0648148148148149
199,SLOWKING,,95,75,80,100,110,30,WATER,PSYCHIC,0,244,394,0.6192893401015228
200,MISDREAVUS,,60,60,60,85,85,85,GHOST,,0,288,324,0.8888888888888888
201,UNOWN,,48,72,48,72,48,48,PSYCHIC,,0,324,300,1.08
202,WOBBUFFET,,190,33,58,33,58,33,PSYCHIC,,0,294,584,0.5034246575342466
203,GIRAFARIG,,70,80,65,90,65,85,NORMAL,PSYCHIC,0,276,344,0.8023255813953488
204,PINECO,,50,65,90,35,35,15,BUG,,0,270,304,0.8881578947368421
205,FORRETRESS,,75,90,140,60,60,40,BUG,STEEL,0,209,354,0.5903954802259888
206,DUNSPARCE,,100,70,70,65,65,45,NORMAL,,0,264,404,0.6534653465346535
207,GLIGAR,,65,75,105,35,65,85,GROUND,FLYING,0,205,334,0.6137724550898204
208,STEELIX,,75,85,200,55,65,30,STEEL,GROUND,0,200,354,0.5649717514124294
209,SNUBBULL,,60,80,50,40,40,30,FAIRY,,0,317,324,0.9783950617283951
210,GRANBULL,,90,120,75,60,60,45,FAIRY,,0,254,384,0.6614583333333334
211,QWILFISH,,65,95,85,55,55,85,WATER,POISON,0,235,334,0.7035928143712575
212,SCIZOR,,70,130,100,55,80,65,BUG,STEEL,0,212,344,0.6162790697674418
213,SHUCKLE,,20,10,230,10,230,5,BUG,ROCK,0,114,244,0.4672131147540984
214,HERACROSS,,80,125,75,40,95,85,BUG,FIGHTING,0,254,364,0.6978021978021978
215,SNEASEL,,55,95,55,35,75,115,DARK,ICE,0,302,314,0.9617834394904459
216,TEDDIURSA,,60,80,50,50,50,40,NORMAL,,0,317,324,0.9783950617283951
217,URSARING,,90,130,75,75,75,55,NORMAL,,0,254,384,0.6614583333333334
218,SLUGMA,,40,40,40,70,40,20,FIRE,,0,352,284,1.2394366197183098
219,MAGCARGO,,60,50,120,90,80,30,FIRE,ROCK,0,187,324,0.5771604938271605
220,SWINUB,,50,50,40,30,30,50,ICE,GROUND,0,352,304,1.1578947368421053
221,PILOSWINE,,100,100,80,60,60,50,ICE,GROUND,0,244,404,0.6039603960396039
222,CORSOLA,,65,55,95,65,95,35,WATER,ROCK,0,219,334,0.655688622754491
223,REMORAID,,35,65,35,65,35,65,WATER,,0,373,274,1.3613138686131387
224,OCTILLERY,,75,105,75,105,75,45,WATER,,0,254,354,0.7175141242937854
225,DELIBIRD,,45,55,45,65,45,75,ICE,FLYING,0,334,294,1.1360544217687074
226,MANTINE,,85,40,70,80,140,70,WATER,FLYING,0,264,374,0.7058823529411765
227,SKARMORY,,65,80,140,40,70,70,STEEL,FLYING,0,192,334,0.5748502994011976
228,HOUNDOUR,,45,60,30,80,50,65,DARK,FIRE,0,396,294,1.346938775510204
229,HOUNDOOM,,75,90,50,110,80,95,DARK,FIRE,0,317,354,0.8954802259887006
230,KINGDRA,,75,95,95,95,95,85,WATER,DRAGON,0,219,354,0.6186440677966102
231,PHANPY,,90,60,60,40,40,40,GROUND,,0,288,384,0.75
232,DONPHAN,,90,120,120,60,60,50,GROUND,,0,209,384,0.5442708333333334
233,PORYGON2,,85,80,90,105,95,60,NORMAL,,0,227,374,0.606951871657754
234,STANTLER,,73,95,62,85,65,85,NORMAL,,0,283,350,0.8085714285714286
235,SMEARGLE,,55,20,35,20,45,75,NORMAL,,0,373,314,1.1878980891719746
236,TYROGUE,,35,35,35,35,35,35,FIGHTING,,0,373,274,1.3613138686131387
237,HITMONTOP,,50,95,95,35,110,70,FIGHTING,,0,219,304,0.7203947368421053
238,SMOOCHUM,,45,30,15,85,65,65,ICE,PSYCHIC,0,488,294,1.6598639455782314
239,ELEKID,,45,63,37,65,55,95,ELECTRIC,,0,364,294,1.2380952380952381
240,MAGBY,,45,75,37,70,55,83,FIRE,,0,364,294,1.2380952380952381
241,MILTANK,,95,80,105,40,70,100,NORMAL,,0,205,394,0.5203045685279187
242,BLISSEY,,255,10,10,75,135,55,NORMAL,,0,529,714,0.7408963585434174
243,RAIKOU,,90,85,75,115,100,115,ELECTRIC,,0,254,384,0.6614583333333334
244,ENTEI,,115,115,85,90,75,100,FIRE,,0,235,434,0.5414746543778802
245,SUICUNE,,100,75,115,90,115,85,WATER,,0,192,404,0.4752475247524752
246,LARVITAR,,50,64,50,45,50,41,ROCK,GROUND,0,317,304,1.042763157894737
247,PUPITAR,,70,84,70,65,70,51,ROCK,GROUND,0,264,344,0.7674418604651163
248,TYRANITAR,,100,134,110,95,100,61,ROCK,DARK,0,198,404,0.4900990099009901
249,LUGIA,,106,90,130,90,154,110,PSYCHIC,FLYING,0,176,416,0.4230769230769231
250,HOOH,,106,130,90,110,154,90,FIRE,FLYING,0,227,416,0.5456730769230769
251,CELEBI,,100,100,100,100,100,100,PSYCHIC,GRASS,0,212,404,0.5247524752475248
252,TREECKO,,40,45,35,65,55,70,GRASS,,0,373,284,1.3133802816901408
253,GROVYLE,,50,65,45,85,65,95,GRASS,,0,334,304,1.0986842105263157
254,SCEPTILE,,70,85,65,105,85,120,GRASS,,0,276,344,0.8023255813953488
255,TORCHIC,,45,60,40,70,50,45,FIRE,,0,352,294,1.1972789115646258
256,COMBUSKEN,,60,85,60,85,60,55,FIRE,FIGHTING,0,288,324,0.8888888888888888
257,BLAZIKEN,,80,120,70,110,70,80,FIRE,FIGHTING,0,264,364,0.7252747252747253
258,MUDKIP,,50,70,50,50,50,40,WATER,,0,317,304,1.042763157894737
259,MARSHTOMP,,70,85,70,60,70,50,WATER,GROUND,0,264,344,0.7674418604651163
260,SWAMPERT,,100,110,90,85,90,60,WATER,GROUND,0,227,404,0.5618811881188119
261,POOCHYENA,,35,55,35,30,30,35,DARK,,0,373,274,1.3613138686131387
262,MIGHTYENA,,70,90,70,60,60,70,DARK,,0,264,344,0.7674418604651163
263,ZIGZAGOON,,38,30,41,30,41,60,NORMAL,,0,348,280,1.2428571428571429
264,LINOONE,,78,70,61,50,61,100,NORMAL,,0,286,360,0.7944444444444444
265,WURMPLE,,45,45,35,20,30,20,BUG,,0,373,294,1.2687074829931972
266,SILCOON,,50,35,55,25,25,15,BUG,,0,306,304,1.006578947368421
267,BEAUTIFLY,,60,70,50,100,50,65,BUG,FLYING,0,317,324,0.9783950617283951
268,CASCOON,,50,35,55,25,25,15,BUG,,0,306,304,1.006578947368421
269,DUSTOX,,60,50,70,50,90,65,BUG,POISON,0,264,324,0.8148148148148148
270,LOTAD,,40,30,30,40,50,30,WATER,GRASS,0,396,284,1.3943661971830985
271,LOMBRE,,60,50,50,60,70,50,WATER,GRASS,0,317,324,0.9783950617283951
272,LUDICOLO,,80,70,70,90,100,70,WATER,GRASS,0,264,364,0.7252747252747253
273,SEEDOT,,40,40,50,30,30,30,GRASS,,0,317,284,1.1161971830985915
274,NUZLEAF,,70,70,40,60,40,60,GRASS,DARK,0,352,344,1.0232558139534884
275,SHIFTRY,,90,100,60,90,60,80,GRASS,DARK,0,288,384,0.75
276,TAILLOW,,40,55,30,30,30,85,NORMAL,FLYING,0,396,284,1.3943661971830985
277,SWELLOW,,60,85,60,75,50,125,NORMAL,FLYING,0,288,324,0.8888888888888888
278,WINGULL,,40,30,30,55,30,85,WATER,FLYING,0,396,284,1.3943661971830985
279,PELIPPER,,60,50,100,95,70,65,WATER,FLYING,0,212,324,0.654320987654321
280,RALTS,,28,25,25,45,35,40,PSYCHIC,FAIRY,0,423,260,1.626923076923077
281,KIRLIA,,38,35,35,65,55,50,PSYCHIC,FAIRY,0,373,280,1.332142857142857
282,GARDEVOIR,,68,65,65,125,115,80,PSYCHIC,FAIRY,0,276,340,0.8117647058823529
283,SURSKIT,,40,30,32,50,52,65,BUG,WATER,0,387,284,1.3626760563380282
284,MASQUERAIN,,70,60,62,100,82,80,BUG,FLYING,0,283,344,0.8226744186046512
285,SHROOMISH,,60,40,60,40,60,35,GRASS,,0,288,324,0.8888888888888888
286,BRELOOM,,60,130,80,60,60,70,GRASS,FIGHTING,0,244,324,0.7530864197530864
287,SLAKOTH,,60,60,60,35,35,30,NORMAL,,0,288,324,0.8888888888888888
288,VIGOROTH,,80,80,80,55,55,90,NORMAL,,0,244,364,0.6703296703296703
289,SLAKING,,150,110,80,65,65,100,NORMAL,,0,244,504,0.48412698412698413
290,NINCADA,,31,45,90,30,30,40,BUG,GROUND,0,287,266,1.0789473684210527
291,NINJASK,,61,90,45,50,50,160,BUG,FLYING,0,334,326,1.0245398773006136
292,SHEDINJA,,1,90,45,30,30,40,BUG,GHOST,0,334,1,334.0
293,WHISMUR,,64,51,23,51,23,28,NORMAL,,0,435,332,1.3102409638554218
294,LOUDRED,,84,71,43,71,43,48,NORMAL,,0,341,372,0.9166666666666666
295,EXPLOUD,,104,91,63,91,73,68,NORMAL,,0,281,412,0.6820388349514563
296,MAKUHITA,,72,60,30,20,30,25,FIGHTING,,0,396,348,1.1379310344827587
297,HARIYAMA,,144,120,60,40,60,50,FIGHTING,,0,288,492,0.5853658536585366
298,AZURILL,,50,20,40,20,40,20,NORMAL,FAIRY,0,352,304,1.1578947368421053
299,NOSEPASS,,30,45,135,45,90,30,ROCK,,0,172,264,0.6515151515151515
300,SKITTY,,50,60,45,35,35,60,NORMAL,,0,334,304,1.0986842105263157
301,DELCATTY,,70,85,65,55,55,90,NORMAL,,0,276,344,0.8023255813953488
302,SABLEYE,,50,75,75,65,65,50,DARK,GHOST,0,254,304,0.8355263157894737
303,MAWILE,,50,85,85,55,55,50,STEEL,FAIRY,0,235,304,0.7730263157894737
304,ARON,,50,70,100,40,40,30,STEEL,ROCK,0,255,304,0.8388157894736842
305,LAIRON,,60,90,140,50,50,40,STEEL,ROCK,0,230,324,0.7098765432098766
306,AGGRON,,70,110,180,60,60,50,STEEL,ROCK,0,209,344,0.6075581395348837
307,MEDITITE,,30,40,55,40,55,60,FIGHTING,PSYCHIC,0,302,264,1.143939393939394
308,MEDICHAM,,60,60,75,60,75,80,FIGHTING,PSYCHIC,0,254,324,0.7839506172839507
309,ELECTRIKE,,40,45,40,65,40,65,ELECTRIC,,0,352,284,1.2394366197183098
310,MANECTRIC,,70,75,60,105,60,105,ELECTRIC,,0,288,344,0.8372093023255814
311,PLUSLE,,60,50,40,85,75,95,ELECTRIC,,0,352,324,1.0864197530864197
312,MINUN,,60,40,50,75,85,95,ELECTRIC,,0,317,324,0.9783950617283951
313,VOLBEAT,,65,73,75,47,85,85,BUG,,0,254,334,0.7604790419161677
314,ILLUMISE,,65,47,75,73,85,85,BUG,,0,254,334,0.7604790419161677
315,ROSELIA,,50,60,45,100,80,65,GRASS,POISON,0,334,304,1.0986842105263157
316,GULPIN,,70,43,53,43,53,40,POISON,,0,308,344,0.8953488372093024
317,SWALOT,,100,73,83,73,83,55,POISON,,0,238,404,0.5891089108910891
318,CARVANHA,,45,90,20,65,20,65,WATER,DARK,0,453,294,1.5408163265306123
319,SHARPEDO,,70,120,40,95,40,95,WATER,DARK,0,352,344,1.0232558139534884
320,WAILMER,,130,70,35,70,35,60,WATER,,0,373,464,0.8038793103448276
321,WAILORD,,170,90,45,90,45,60,WATER,,0,334,544,0.6139705882352942
322,NUMEL,,60,60,40,65,45,35,FIRE,GROUND,0,352,324,1.0864197530864197
323,CAMERUPT,,70,100,70,105,75,40,FIRE,GROUND,0,264,344,0.7674418604651163
324,TORKOAL,,70,85,140,85,70,20,FIRE,,0,192,344,0.5581395348837209
325,SPOINK,,60,25,35,70,80,60,PSYCHIC,,0,373,324,1.1512345679012346
326,GRUMPIG,,80,45,65,90,110,80,PSYCHIC,,0,276,364,0.7582417582417582
327,SPINDA,,60,60,60,60,60,60,NORMAL,,0,288,324,0.8888888888888888
328,TRAPINCH,,45,100,45,45,45,10,GROUND,,0,334,294,1.1360544217687074
329,VIBRAVA,,50,70,50,50,50,70,GROUND,DRAGON,0,317,304,1.042763157894737
330,FLYGON,,80,100,80,80,80,100,GROUND,DRAGON,0,244,364,0.6703296703296703
331,CACNEA,,50,85,40,85,40,35,GRASS,,0,352,304,1.1578947368421053
332,CACTURNE,,70,115,60,115,60,55,GRASS,DARK,0,288,344,0.8372093023255814
333,SWABLU,,45,40,60,40,75,50,NORMAL,FLYING,0,288,294,0.9795918367346939
334,ALTARIA,,75,70,90,70,105,80,DRAGON,FLYING,0,227,354,0.6412429378531074
335,ZANGOOSE,,73,115,60,60,60,90,NORMAL,,0,288,350,0.8228571428571428
336,SEVIPER,,73,100,60,100,60,65,POISON,,0,288,350,0.8228571428571428
337,LUNATONE,,90,55,65,95,85,70,ROCK,PSYCHIC,0,276,384,0.71875
338,SOLROCK,,90,95,85,55,65,70,ROCK,PSYCHIC,0,235,384,0.6119791666666666
339,BARBOACH,,50,48,43,46,41,60,WATER,GROUND,0,341,304,1.1217105263157894
340,WHISCASH,,110,78,73,76,71,60,WATER,GROUND,0,258,424,0.6084905660377359
341,CORPHISH,,43,80,65,50,35,35,WATER,,0,276,290,0.9517241379310345
342,CRAWDAUNT,,63,120,85,90,55,55,WATER,DARK,0,235,330,0.7121212121212122
343,BALTOY,,40,40,55,40,70,55,GROUND,PSYCHIC,0,302,284,1.0633802816901408
344,CLAYDOL,,60,70,105,70,120,75,GROUND,PSYCHIC,0,205,324,0.6327160493827161
345,LILEEP,,66,41,77,61,87,23,ROCK,GRASS,0,250,336,0.7440476190476191
346,CRADILY,,86,81,97,81,107,43,ROCK,GRASS,0,216,376,0.574468085106383
347,ANORITH,,45,95,50,40,50,75,ROCK,BUG,0,317,294,1.0782312925170068
348,ARMALDO,,75,125,100,70,80,45,ROCK,BUG,0,212,354,0.5988700564971752
349,FEEBAS,,20,15,20,10,55,80,WATER,,0,453,244,1.8565573770491803
350,MILOTIC,,95,60,79,100,125,81,WATER,,0,246,394,0.6243654822335025
351,CASTFORM,,70,70,70,70,70,70,NORMAL,,0,264,344,0.7674418604651163
352,KECLEON,,60,90,70,60,120,40,NORMAL,,0,264,324,0.8148148148148148
353,SHUPPET,,44,75,35,63,33,45,GHOST,,0,373,292,1.2773972602739727
354,BANETTE,,64,115,65,83,63,65,GHOST,,0,276,332,0.8313253012048193
355,DUSKULL,,20,40,90,30,90,25,GHOST,,0,227,244,0.930327868852459
356,DUSCLOPS,,40,70,130,60,130,25,GHOST,,0,176,284,0.6197183098591549
357,TROPIUS,,99,108,83,72,87,51,GRASS,FLYING,0,238,402,0.5920398009950248
358,CHIMECHO,,75,50,80,95,90,65,PSYCHIC,,0,244,354,0.6892655367231638
359,ABSOL,,65,130,60,75,60,75,DARK,,0,288,334,0.8622754491017964
360,WYNAUT,,95,23,48,23,48,23,PSYCHIC,,0,324,394,0.8223350253807107
361,SNORUNT,,50,50,50,50,50,50,ICE,,0,317,304,1.042763157894737
362,GLALIE,,80,80,80,80,80,80,ICE,,0,244,364,0.6703296703296703
363,SPHEAL,,70,40,50,55,50,25,ICE,WATER,0,317,344,0.9215116279069767
364,SEALEO,,90,60,70,75,70,45,ICE,WATER,0,264,384,0.6875
365,WALREIN,,110,80,90,95,90,65,ICE,WATER,0,227,424,0.535377358490566
366,CLAMPERL,,35,64,85,74,55,32,WATER,,0,235,274,0.8576642335766423
367,HUNTAIL,,55,104,105,94,75,52,WATER,,0,205,314,0.6528662420382165
368,GOREBYSS,,55,84,105,114,75,52,WATER,,0,205,314,0.6528662420382165
369,RELICANTH,,100,90,130,45,65,55,WATER,ROCK,0,200,404,0.49504950495049505
370,LUVDISC,,43,30,55,50,65,97,WATER,,0,302,290,1.0413793103448277
371,BAGON,,45,75,60,40,30,50,DRAGON,,0,288,294,0.9795918367346939
372,SHELGON,,65,95,100,60,50,50,DRAGON,,0,230,334,0.688622754491018
373,SALAMENCE,,95,135,80,110,80,100,DRAGON,FLYING,0,244,394,0.6192893401015228
374,BELDUM,,40,55,80,35,60,30,STEEL,PSYCHIC,0,244,284,0.8591549295774648
375,METANG,,60,75,100,55,80,50,STEEL,PSYCHIC,0,212,324,0.654320987654321
376,METAGROSS,,80,135,130,95,90,70,STEEL,PSYCHIC,0,176,364,0.4835164835164835
377,REGIROCK,,80,100,200,50,100,50,ROCK,,0,154,364,0.4230769230769231
378,REGICE,,80,50,100,100,200,50,ICE,,0,212,364,0.5824175824175825
379,REGISTEEL,,80,75,150,75,150,50,STEEL,,0,159,364,0.4368131868131868
380,LATIAS,,80,80,90,110,130,110,DRAGON,PSYCHIC,0,227,364,0.6236263736263736
381,LATIOS,,80,90,80,130,110,110,DRAGON,PSYCHIC,0,244,364,0.6703296703296703
382,KYOGRE,,100,100,90,150,140,90,WATER,,0,227,404,0.5618811881188119
383,GROUDON,,100,150,140,100,90,90,GROUND,,0,167,404,0.41336633663366334
384,RAYQUAZA,,105,150,90,150,90,95,DRAGON,FLYING,0,227,414,0.5483091787439613
385,JIRACHI,,100,100,100,100,100,100,STEEL,PSYCHIC,0,212,404,0.5247524752475248
386,DEOXYS,,50,150,50,150,50,150,PSYCHIC,,0,317,304,1.042763157894737
387,TURTWIG,,55,68,64,45,55,31,GRASS,,0,278,314,0.8853503184713376
388,GROTLE,,75,89,85,55,65,36,GRASS,,0,235,354,0.6638418079096046
389,TORTERRA,,95,109,105,75,85,56,GRASS,GROUND,0,205,394,0.5203045685279187
390,CHIMCHAR,,44,58,44,58,44,61,FIRE,,0,337,292,1.154109589041096
391,MONFERNO,,64,78,52,78,52,81,FIRE,FIGHTING,0,311,332,0.9367469879518072
392,INFERNAPE,,76,104,71,104,71,108,FIRE,FIGHTING,0,262,356,0.7359550561797753
393,PIPLUP,,53,51,53,61,56,40,WATER,,0,308,310,0.9935483870967742
394,PRINPLUP,,64,66,68,81,76,50,WATER,,0,269,332,0.8102409638554217
395,EMPOLEON,,84,86,88,111,101,60,WATER,STEEL,0,230,372,0.6182795698924731
396,STARLY,,40,55,30,30,30,60,NORMAL,FLYING,0,396,284,1.3943661971830985
397,STARAVIA,,55,75,50,40,40,80,NORMAL,FLYING,0,317,314,1.0095541401273886
398,STARAPTOR,,85,120,70,50,60,100,NORMAL,FLYING,0,264,374,0.7058823529411765
399,BIDOOF,,59,45,40,35,40,31,NORMAL,,0,352,322,1.093167701863354
400,BIBAREL,,79,85,60,55,60,71,NORMAL,WATER,0,288,362,0.7955801104972375
401,KRICKETOT,,37,25,41,25,41,25,BUG,,0,348,278,1.2517985611510791
402,KRICKETUNE,,77,85,51,55,51,65,BUG,,0,314,358,0.8770949720670391
403,SHINX,,45,65,34,40,34,45,ELECTRIC,,0,377,294,1.282312925170068
404,LUXIO,,60,85,49,60,49,60,ELECTRIC,,0,320,324,0.9876543209876543
405,LUXRAY,,80,120,79,95,79,70,ELECTRIC,,0,246,364,0.6758241758241759
406,BUDEW,,40,30,35,50,70,55,GRASS,POISON,0,373,284,1.3133802816901408
407,ROSERADE,,60,70,65,125,105,90,GRASS,POISON,0,276,324,0.8518518518518519
408,CRANIDOS,,67,125,40,30,30,58,ROCK,,0,352,338,1.0414201183431953
409,RAMPARDOS,,97,165,60,65,50,58,ROCK,,0,288,398,0.7236180904522613
410,SHIELDON,,30,42,118,42,88,30,ROCK,STEEL,0,189,264,0.7159090909090909
411,BASTIODON,,60,52,168,47,138,30,ROCK,STEEL,0,146,324,0.4506172839506173
412,BURMY,,40,29,45,29,45,36,BUG,,0,334,284,1.176056338028169
413,WORMADAM,,60,59,85,79,105,36,BUG,GRASS,0,235,324,0.7253086419753086
414,MOTHIM,,70,94,50,94,50,66,BUG,FLYING,0,317,344,0.9215116279069767
415,COMBEE,,30,30,42,30,42,70,BUG,FLYING,0,345,264,1.3068181818181819
416,VESPIQUEN,,70,80,102,80,102,40,BUG,FLYING,0,209,344,0.6075581395348837
417,PACHIRISU,,60,45,70,45,90,95,ELECTRIC,,0,264,324,0.8148148148148148
418,BUIZEL,,55,65,35,60,30,85,WATER,,0,373,314,1.1878980891719746
419,FLOATZEL,,85,105,55,85,50,115,WATER,,0,302,374,0.8074866310160428
420,CHERUBI,,45,35,45,62,53,35,GRASS,,0,334,294,1.1360544217687074
421,CHERRIM,,70,60,70,87,78,85,GRASS,,0,264,344,0.7674418604651163
422,SHELLOS,,76,48,48,57,62,34,WATER,,0,324,356,0.9101123595505618
423,GASTRODON,,111,83,68,92,82,39,WATER,GROUND,0,269,426,0.6314553990610329
424,AMBIPOM,,75,100,66,60,66,115,NORMAL,,0,273,354,0.7711864406779662
425,DRIFLOON,,90,50,34,60,44,70,GHOST,FLYING,0,377,384,0.9817708333333334
426,DRIFBLIM,,150,80,44,90,54,80,GHOST,FLYING,0,337,504,0.6686507936507936
427,BUNEARY,,55,66,44,44,56,85,NORMAL,,0,337,314,1.0732484076433122
428,LOPUNNY,,65,76,84,54,96,105,NORMAL,,0,237,334,0.7095808383233533
429,MISMAGIUS,,60,60,60,105,105,105,GHOST,,0,288,324,0.8888888888888888
430,HONCHKROW,,100,125,52,105,52,71,DARK,FLYING,0,311,404,0.7698019801980198
431,GLAMEOW,,49,55,42,42,37,85,NORMAL,,0,345,302,1.1423841059602649
432,PURUGLY,,71,82,64,64,59,112,NORMAL,,0,278,346,0.8034682080924855
433,CHINGLING,,45,30,50,65,50,45,PSYCHIC,,0,317,294,1.0782312925170068
434,STUNKY,,63,63,47,41,41,74,POISON,DARK,0,327,330,0.990909090909091
435,SKUNTANK,,103,93,67,71,61,84,POISON,DARK,0,271,410,0.6609756097560976
436,BRONZOR,,57,24,86,24,86,23,STEEL,PSYCHIC,0,233,318,0.7327044025157232
437,BRONZONG,,67,89,116,79,116,33,STEEL,PSYCHIC,0,191,338,0.5650887573964497
438,BONSLY,,50,80,95,10,45,10,ROCK,,0,242,304,0.7960526315789473
439,MIMEJR,,20,25,45,70,90,60,PSYCHIC,FAIRY,0,334,244,1.3688524590163935
440,HAPPINY,,100,5,5,15,65,30,NORMAL,,0,578,404,1.4306930693069306
441,CHATOT,,76,65,45,92,42,91,NORMAL,FLYING,0,334,356,0.9382022471910112
442,SPIRITOMB,,50,92,108,92,108,35,GHOST,DARK,0,201,304,0.6611842105263158
443,GIBLE,,58,70,45,40,45,42,DRAGON,GROUND,0,334,320,1.04375
444,GABITE,,68,90,65,50,55,82,DRAGON,GROUND,0,276,340,0.8117647058823529
445,GARCHOMP,,108,130,95,80,85,102,DRAGON,GROUND,0,219,420,0.5214285714285715
446,MUNCHLAX,,135,85,40,40,85,5,NORMAL,,0,352,474,0.7426160337552743
447,RIOLU,,40,70,40,35,40,60,FIGHTING,,0,352,284,1.2394366197183098
448,LUCARIO,,70,110,70,115,70,90,FIGHTING,STEEL,0,264,344,0.7674418604651163
449,HIPPOPOTAS,,68,72,78,38,42,32,GROUND,,0,250,340,0.7352941176470589
450,HIPPOWDON,,108,112,118,68,72,47,GROUND,,0,189,420,0.45
451,SKORUPI,,40,50,90,30,55,65,POISON,BUG,0,227,284,0.7992957746478874
452,DRAPION,,70,90,110,60,75,95,POISON,DARK,0,198,344,0.5755813953488372
453,CROAGUNK,,48,61,40,61,40,50,POISON,FIGHTING,0,352,300,1.1733333333333333
454,TOXICROAK,,83,106,65,86,65,85,POISON,FIGHTING,0,276,370,0.745945945945946
455,CARNIVINE,,74,100,72,90,72,46,GRASS,,0,260,352,0.7386363636363636
456,FINNEON,,49,49,56,49,61,66,WATER,,0,299,302,0.9900662251655629
457,LUMINEON,,69,69,76,69,86,91,WATER,,0,252,342,0.7368421052631579
458,MANTYKE,,45,20,50,60,120,50,WATER,FLYING,0,317,294,1.0782312925170068
459,SNOVER,,60,62,50,62,60,40,GRASS,ICE,0,317,324,0.9783950617283951
460,ABOMASNOW,,90,92,75,92,85,60,GRASS,ICE,0,254,384,0.6614583333333334
461,WEAVILE,,70,120,65,45,85,125,DARK,ICE,0,276,344,0.8023255813953488
462,MAGNEZONE,,70,70,115,130,90,60,ELECTRIC,STEEL,0,192,344,0.5581395348837209
463,LICKILICKY,,110,85,95,80,95,50,NORMAL,,0,219,424,0.5165094339622641
464,RHYPERIOR,,115,140,130,55,55,40,GROUND,ROCK,0,219,434,0.5046082949308756
465,TANGROWTH,,100,100,125,110,50,50,GRASS,,0,230,404,0.5693069306930693
466,ELECTIVIRE,,75,123,67,95,85,95,ELECTRIC,,0,271,354,0.7655367231638418
467,MAGMORTAR,,75,95,67,125,95,83,FIRE,,0,271,354,0.7655367231638418
468,TOGEKISS,,85,50,95,120,115,80,FAIRY,FLYING,0,219,374,0.5855614973262032
469,YANMEGA,,86,76,86,116,56,95,BUG,FLYING,0,233,376,0.6196808510638298
470,LEAFEON,,65,110,130,60,65,95,GRASS,,0,200,334,0.5988023952095808
471,GLACEON,,65,60,110,130,95,65,ICE,,0,198,334,0.592814371257485
472,GLISCOR,,75,95,125,45,75,95,GROUND,FLYING,0,184,354,0.519774011299435
473,MAMOSWINE,,110,130,80,70,60,80,ICE,GROUND,0,244,424,0.5754716981132075
474,PORYGONZ,,85,80,70,135,75,90,NORMAL,,0,264,374,0.7058823529411765
475,GALLADE,,68,125,65,65,115,80,PSYCHIC,FIGHTING,0,276,340,0.8117647058823529
476,PROBOPASS,,60,55,145,75,150,40,ROCK,STEEL,0,163,324,0.5030864197530864
477,DUSKNOIR,,45,100,135,65,135,45,GHOST,,0,172,294,0.5850340136054422
478,FROSLASS,,70,80,70,80,70,110,ICE,GHOST,0,264,344,0.7674418604651163
479,ROTOM,,50,50,77,95,77,91,ELECTRIC,GHOST,0,250,304,0.8223684210526315
480,UXIE,,75,75,130,75,130,95,PSYCHIC,,0,176,354,0.4971751412429379
481,MESPRIT,,80,105,105,105,105,80,PSYCHIC,,0,205,364,0.5631868131868132
482,AZELF,,75,125,70,125,70,115,PSYCHIC,,0,264,354,0.7457627118644068
483,DIALGA,,100,120,120,150,100,90,STEEL,DRAGON,0,187,404,0.4628712871287129
484,PALKIA,,90,120,100,150,120,100,WATER,DRAGON,0,212,384,0.5520833333333334
485,HEATRAN,,91,90,106,130,106,77,FIRE,STEEL,0,203,386,0.5259067357512953
486,REGIGIGAS,,110,160,110,80,110,100,NORMAL,,0,198,424,0.4669811320754717
487,GIRATINA,,150,100,120,100,120,90,GHOST,DRAGON,0,187,504,0.37103174603174605
488,CRESSELIA,,120,70,110,75,120,85,PSYCHIC,,0,198,444,0.44594594594594594
489,PHIONE,,80,80,80,80,80,80,WATER,,0,244,364,0.6703296703296703
490,MANAPHY,,100,100,100,100,100,100,WATER,,0,212,404,0.5247524752475248
491,DARKRAI,,70,90,90,135,90,125,DARK,,0,227,344,0.6598837209302325
492,SHAYMIN,,100,100,100,100,100,100,GRASS,,0,212,404,0.5247524752475248
493,ARCEUS,,120,120,120,120,120,120,NORMAL,,0,187,444,0.42117117117117114
494,VICTINI,,100,100,100,100,100,100,PSYCHIC,FIRE,0,212,404,0.5247524752475248
495,SNIVY,,45,45,55,45,55,63,GRASS,,0,302,294,1.0272108843537415
496,SERVINE,,60,60,75,60,75,83,GRASS,,0,254,324,0.7839506172839507
497,SERPERIOR,,75,75,95,75,95,113,GRASS,,0,219,354,0.6186440677966102
498,TEPIG,,65,63,45,45,45,45,FIRE,,0,334,334,1.0
499,PIGNITE,,90,93,55,70,55,55,FIRE,FIGHTING,0,302,384,0.7864583333333334
500,EMBOAR,,110,123,65,100,65,65,FIRE,FIGHTING,0,276,424,0.6509433962264151
501,OSHAWOTT,,55,55,45,63,45,45,WATER,,0,334,314,1.0636942675159236
502,DEWOTT,,75,75,60,83,60,60,WATER,,0,288,354,0.8135593220338984
503,SAMUROTT,,95,100,85,108,70,70,WATER,,0,235,394,0.5964467005076142
504,PATRAT,,45,55,39,35,39,42,NORMAL,,0,356,294,1.2108843537414966
505,WATCHOG,,60,85,69,60,69,77,NORMAL,,0,266,324,0.8209876543209876
506,LILLIPUP,,45,60,45,25,45,55,NORMAL,,0,334,294,1.1360544217687074
507,HERDIER,,65,80,65,35,65,60,NORMAL,,0,276,334,0.8263473053892215
508,STOUTLAND,,85,110,90,45,90,80,NORMAL,,0,227,374,0.606951871657754
509,PURRLOIN,,41,50,37,50,37,66,DARK,,0,364,286,1.2727272727272727
510,LIEPARD,,64,88,50,88,50,106,DARK,,0,317,332,0.9548192771084337
511,PANSAGE,,50,53,48,53,48,64,GRASS,,0,324,304,1.0657894736842106
512,SIMISAGE,,75,98,63,98,63,101,GRASS,,0,281,354,0.7937853107344632
513,PANSEAR,,50,53,48,53,48,64,FIRE,,0,324,304,1.0657894736842106
514,SIMISEAR,,75,98,63,98,63,101,FIRE,,0,281,354,0.7937853107344632
515,PANPOUR,,50,53,48,53,48,64,WATER,,0,324,304,1.0657894736842106
516,SIMIPOUR,,75,98,63,98,63,101,WATER,,0,281,354,0.7937853107344632
517,MUNNA,,76,25,45,67,55,24,PSYCHIC,,0,334,356,0.9382022471910112
518,MUSHARNA,,116,55,85,107,95,29,PSYCHIC,,0,235,436,0.5389908256880734
519,PIDOVE,,50,55,50,36,30,43,NORMAL,FLYING,0,317,304,1.042763157894737
520,TRANQUILL,,62,77,62,50,42,65,NORMAL,FLYING,0,283,328,0.8628048780487805
521,UNFEZANT,,80,115,80,65,55,93,NORMAL,FLYING,0,244,364,0.6703296703296703
522,BLITZLE,,45,60,32,50,32,76,ELECTRIC,,0,387,294,1.316326530612245
523,ZEBSTRIKA,,75,100,63,80,63,116,ELECTRIC,,0,281,354,0.7937853107344632
524,ROGGENROLA,,55,75,85,25,25,15,ROCK,,0,306,314,0.9745222929936306
525,BOLDORE,,70,105,105,50,40,20,ROCK,,0,255,344,0.7412790697674418
526,GIGALITH,,85,135,130,60,80,25,ROCK,,0,177,374,0.4732620320855615
527,WOOBAT,,65,45,43,55,43,72,PSYCHIC,FLYING,0,341,334,1.0209580838323353
528,SWOOBAT,,67,57,55,77,55,114,PSYCHIC,FLYING,0,302,338,0.893491124260355
529,DRILBUR,,60,85,40,30,45,68,GROUND,,0,352,324,1.0864197530864197
530,EXCADRILL,,110,135,60,50,65,88,GROUND,STEEL,0,288,424,0.6792452830188679
531,AUDINO,,103,60,86,60,86,50,NORMAL,,0,233,410,0.5682926829268292
532,TIMBURR,,75,80,55,25,35,35,FIGHTING,,0,302,354,0.8531073446327684
533,GURDURR,,85,105,85,40,50,40,FIGHTING,,0,235,374,0.6283422459893048
534,CONKELDURR,,105,140,95,55,65,45,FIGHTING,,0,219,414,0.5289855072463768
535,TYMPOLE,,50,50,40,50,40,64,WATER,,0,352,304,1.1578947368421053
536,PALPITOAD,,75,65,55,65,55,69,WATER,GROUND,0,302,354,0.8531073446327684
537,SEISMITOAD,,105,95,75,85,75,74,WATER,GROUND,0,254,414,0.6135265700483091
538,THROH,,120,100,85,30,85,45,FIGHTING,,0,235,444,0.5292792792792793
539,SAWK,,75,125,75,30,75,85,FIGHTING,,0,254,354,0.7175141242937854
540,SEWADDLE,,45,53,70,40,60,42,BUG,GRASS,0,264,294,0.8979591836734694
541,SWADLOON,,55,63,90,50,80,42,BUG,GRASS,0,227,314,0.7229299363057324
542,LEAVANNY,,75,103,80,70,70,92,BUG,GRASS,0,244,354,0.6892655367231638
543,VENIPEDE,,30,45,59,30,39,57,BUG,POISON,0,291,264,1.1022727272727273
544,WHIRLIPEDE,,40,55,99,40,79,47,BUG,POISON,0,213,284,0.75
545,SCOLIPEDE,,60,100,89,55,69,112,BUG,POISON,0,228,324,0.7037037037037037
546,COTTONEE,,40,27,60,37,50,66,GRASS,FAIRY,0,288,284,1.0140845070422535
547,WHIMSICOTT,,60,67,85,77,75,116,GRASS,FAIRY,0,235,324,0.7253086419753086
548,PETILIL,,45,35,50,70,50,30,GRASS,,0,317,294,1.0782312925170068
549,LILLIGANT,,70,60,75,110,75,90,GRASS,,0,254,344,0.7383720930232558
550,BASCULIN,,70,92,65,80,55,98,WATER,,0,276,344,0.8023255813953488
551,SANDILE,,50,72,35,35,35,65,GROUND,DARK,0,373,304,1.2269736842105263
552,KROKOROK,,60,82,45,45,45,74,GROUND,DARK,0,334,324,1.0308641975308641
553,KROOKODILE,,95,117,80,65,70,92,GROUND,DARK,0,244,394,0.6192893401015228
554,DARUMAKA,,70,90,45,15,45,50,FIRE,,0,334,344,0.9709302325581395
555,DARMANITAN,,105,140,55,30,55,95,FIRE,,0,302,414,0.7294685990338164
556,MARACTUS,,75,86,67,106,67,60,GRASS,,0,271,354,0.7655367231638418
557,DWEBBLE,,50,65,85,35,35,55,BUG,ROCK,0,270,304,0.8881578947368421
558,CRUSTLE,,70,105,125,65,75,45,BUG,ROCK,0,184,344,0.5348837209302325
559,SCRAGGY,,50,75,70,35,70,48,DARK,FIGHTING,0,264,304,0.868421052631579
560,SCRAFTY,,65,90,115,45,115,58,DARK,FIGHTING,0,192,334,0.5748502994011976
561,SIGILYPH,,72,58,80,103,80,97,PSYCHIC,FLYING,0,244,348,0.7011494252873564
562,YAMASK,,38,30,85,55,65,30,GHOST,,0,235,280,0.8392857142857143
563,COFAGRIGUS,,58,50,145,95,105,30,GHOST,,0,163,320,0.509375
564,TIRTOUGA,,54,78,103,53,45,22,WATER,ROCK,0,242,312,0.7756410256410257
565,CARRACOSTA,,74,108,133,83,65,32,WATER,ROCK,0,200,352,0.5681818181818182
566,ARCHEN,,55,90,43,54,43,70,ROCK,FLYING,0,341,314,1.085987261146497
567,ARCHEOPS,,75,120,65,60,65,110,ROCK,FLYING,0,276,354,0.7796610169491526
568,TRUBBISH,,50,50,62,40,62,65,POISON,,0,283,304,0.930921052631579
569,GARBODOR,,80,95,82,60,82,75,POISON,,0,240,364,0.6593406593406593
570,ZORUA,,40,65,40,80,40,65,DARK,,0,352,284,1.2394366197183098
571,ZOROARK,,60,105,60,120,60,105,DARK,,0,288,324,0.8888888888888888
572,MINCCINO,,55,50,40,40,40,75,NORMAL,,0,352,314,1.1210191082802548
573,CINCCINO,,75,95,60,65,60,115,NORMAL,,0,288,354,0.8135593220338984
574,GOTHITA,,45,30,50,55,65,45,PSYCHIC,,0,317,294,1.0782312925170068
575,GOTHORITA,,60,45,70,75,85,55,PSYCHIC,,0,264,324,0.8148148148148148
576,GOTHITELLE,,70,55,95,95,110,65,PSYCHIC,,0,219,344,0.6366279069767442
577,SOLOSIS,,45,30,40,105,50,20,PSYCHIC,,0,352,294,1.1972789115646258
578,DUOSION,,65,40,50,125,60,30,PSYCHIC,,0,317,334,0.9491017964071856
579,REUNICLUS,,110,65,75,125,85,30,PSYCHIC,,0,254,424,0.5990566037735849
580,DUCKLETT,,62,44,50,44,50,55,WATER,FLYING,0,317,328,0.9664634146341463
581,SWANNA,,75,87,63,87,63,98,WATER,FLYING,0,281,354,0.7937853107344632
582,VANILLITE,,36,50,50,65,60,44,ICE,,0,317,276,1.1485507246376812
583,VANILLISH,,51,65,65,80,75,59,ICE,,0,276,306,0.9019607843137255
584,VANILLUXE,,71,95,85,110,95,79,ICE,,0,235,346,0.6791907514450867
585,DEERLING,,60,60,50,40,50,75,NORMAL,GRASS,0,317,324,0.9783950617283951
586,SAWSBUCK,,80,100,70,60,70,95,NORMAL,GRASS,0,264,364,0.7252747252747253
587,EMOLGA,,55,75,60,75,60,103,ELECTRIC,FLYING,0,288,314,0.9171974522292994
588,KARRABLAST,,50,75,45,40,45,60,BUG,,0,334,304,1.0986842105263157
589,ESCAVALIER,,70,135,105,60,105,20,BUG,STEEL,0,205,344,0.5959302325581395
590,FOONGUS,,69,55,45,55,55,15,GRASS,POISON,0,334,342,0.9766081871345029
591,AMOONGUSS,,114,85,70,85,80,30,GRASS,POISON,0,264,432,0.6111111111111112
592,FRILLISH,,55,40,50,65,85,40,WATER,GHOST,0,317,314,1.0095541401273886
593,JELLICENT,,100,60,70,85,105,60,WATER,GHOST,0,264,404,0.6534653465346535
594,ALOMOMOLA,,165,75,80,40,45,65,WATER,,0,244,534,0.45692883895131087
595,JOLTIK,,50,47,50,57,50,65,BUG,ELECTRIC,0,317,304,1.042763157894737
596,GALVANTULA,,70,77,60,97,60,108,BUG,ELECTRIC,0,288,344,0.8372093023255814
597,FERROSEED,,44,50,91,24,86,10,GRASS,STEEL,0,225,292,0.7705479452054794
598,FERROTHORN,,74,94,131,54,116,20,GRASS,STEEL,0,175,352,0.4971590909090909
599,KLINK,,40,55,70,45,60,30,STEEL,,0,264,284,0.9295774647887324
600,KLANG,,60,80,95,70,85,50,STEEL,,0,219,324,0.6759259259259259
601,KLINKLANG,,60,100,115,70,85,90,STEEL,,0,192,324,0.5925925925925926
602,TYNAMO,,35,55,40,45,40,60,ELECTRIC,,0,352,274,1.2846715328467153
603,EELEKTRIK,,65,85,70,75,70,40,ELECTRIC,,0,264,334,0.7904191616766467
604,EELEKTROSS,,85,115,80,105,80,50,ELECTRIC,,0,244,374,0.6524064171122995
605,ELGYEM,,55,55,55,85,55,30,PSYCHIC,,0,302,314,0.9617834394904459
606,BEHEEYEM,,75,75,75,125,95,40,PSYCHIC,,0,254,354,0.7175141242937854
607,LITWICK,,50,30,55,65,55,20,GHOST,FIRE,0,302,304,0.993421052631579
608,LAMPENT,,60,40,60,95,60,55,GHOST,FIRE,0,288,324,0.8888888888888888
609,CHANDELURE,,60,55,90,145,90,80,GHOST,FIRE,0,227,324,0.7006172839506173
610,AXEW,,46,87,60,30,40,57,DRAGON,,0,288,296,0.972972972972973
611,FRAXURE,,66,117,70,40,50,67,DRAGON,,0,264,336,0.7857142857142857
612,HAXORUS,,76,147,90,60,70,97,DRAGON,,0,227,356,0.6376404494382022
613,CUBCHOO,,55,70,40,60,40,40,ICE,,0,352,314,1.1210191082802548
614,BEARTIC,,95,130,80,70,80,50,ICE,,0,244,394,0.6192893401015228
615,CRYOGONAL,,80,50,50,95,135,105,ICE,,0,317,364,0.8708791208791209
616,SHELMET,,50,40,85,40,65,25,BUG,,0,235,304,0.7730263157894737
617,ACCELGOR,,80,70,40,100,60,145,BUG,,0,352,364,0.967032967032967
618,STUNFISK,,109,66,84,81,99,32,GROUND,ELECTRIC,0,237,422,0.5616113744075829
619,MIENFOO,,45,85,50,55,50,65,FIGHTING,,0,317,294,1.0782312925170068
620,MIENSHAO,,65,125,60,95,60,105,FIGHTING,,0,288,334,0.8622754491017964
621,DRUDDIGON,,77,120,90,60,90,48,DRAGON,,0,227,358,0.6340782122905028
622,GOLETT,,59,74,50,35,50,35,GROUND,GHOST,0,317,322,0.984472049689441
623,GOLURK,,89,124,80,55,80,55,GROUND,GHOST,0,244,382,0.6387434554973822
624,PAWNIARD,,45,85,70,40,40,60,DARK,STEEL,0,264,294,0.8979591836734694
625,BISHARP,,65,125,100,60,70,70,DARK,STEEL,0,212,334,0.6347305389221557
626,BOUFFALANT,,95,110,95,40,95,55,NORMAL,,0,219,394,0.5558375634517766
627,RUFFLET,,70,83,50,37,50,60,NORMAL,FLYING,0,317,344,0.9215116279069767
628,BRAVIARY,,100,123,75,57,75,80,NORMAL,FLYING,0,254,404,0.6287128712871287
629,VULLABY,,70,55,75,45,65,60,DARK,FLYING,0,254,344,0.7383720930232558
630,MANDIBUZZ,,110,65,105,55,95,80,DARK,FLYING,0,205,424,0.4834905660377358
631,HEATMOR,,85,97,66,105,66,65,FIRE,,0,273,374,0.7299465240641712
632,DURANT,,58,109,112,48,48,109,BUG,STEEL,0,234,320,0.73125
633,DEINO,,52,65,50,45,50,38,DARK,DRAGON,0,317,308,1.0292207792207793
634,ZWEILOUS,,72,85,70,65,70,58,DARK,DRAGON,0,264,348,0.7586206896551724
635,HYDREIGON,,92,105,90,125,90,98,DARK,DRAGON,0,227,388,0.5850515463917526
636,LARVESTA,,55,85,55,50,55,60,BUG,FIRE,0,302,314,0.9617834394904459
637,VOLCARONA,,85,60,65,135,105,100,BUG,FIRE,0,276,374,0.7379679144385026
638,COBALION,,91,90,129,90,72,108,STEEL,FIGHTING,0,189,386,0.4896373056994819
639,TERRAKION,,91,129,90,72,90,108,ROCK,FIGHTING,0,227,386,0.5880829015544041
640,VIRIZION,,91,90,72,90,129,108,GRASS,FIGHTING,0,260,386,0.6735751295336787
641,TORNADUS,,79,115,70,125,80,111,FLYING,,0,264,362,0.7292817679558011
642,THUNDURUS,,79,115,70,125,80,111,ELECTRIC,FLYING,0,264,362,0.7292817679558011
643,RESHIRAM,,100,120,100,150,120,90,DRAGON,FIRE,0,212,404,0.5247524752475248
644,ZEKROM,,100,150,120,120,100,90,DRAGON,ELECTRIC,0,187,404,0.4628712871287129
645,LANDORUS,,89,125,90,115,80,101,GROUND,FLYING,0,227,382,0.5942408376963351
646,KYUREM,,125,130,90,130,90,95,DRAGON,ICE,0,227,454,0.5
647,KELDEO,,91,72,90,129,90,108,WATER,FIGHTING,0,227,386,0.5880829015544041
648,MELOETTA,,100,77,77,128,128,90,NORMAL,PSYCHIC,0,250,404,0.6188118811881188
649,GENESECT,,71,120,95,120,95,99,BUG,STEEL,0,219,346,0.6329479768786127
650,CHESPIN,,56,61,65,48,45,38,GRASS,,0,276,316,0.8734177215189873
651,QUILLADIN,,61,78,95,56,58,57,GRASS,,0,219,326,0.6717791411042945
652,CHESNAUGHT,,88,107,122,74,75,64,GRASS,FIGHTING,0,185,380,0.4868421052631579
653,FENNEKIN,,40,45,40,62,60,60,FIRE,,0,352,284,1.2394366197183098
654,BRAIXEN,,59,59,58,90,70,73,FIRE,,0,294,322,0.9130434782608695
655,DELPHOX,,75,69,72,114,100,104,FIRE,PSYCHIC,0,260,354,0.7344632768361582
656,FROAKIE,,41,56,40,62,44,71,WATER,,0,352,286,1.2307692307692308
657,FROGADIER,,54,63,52,83,56,97,WATER,,0,311,312,0.9967948717948718
658,GRENINJA,,72,95,67,103,71,122,WATER,DARK,0,271,348,0.7787356321839081
659,BUNNELBY,,38,36,38,32,36,57,NORMAL,,0,360,280,1.2857142857142858
660,DIGGERSBY,,85,56,77,50,77,78,NORMAL,GROUND,0,250,374,0.6684491978609626
661,FLETCHLING,,45,50,43,40,38,62,NORMAL,FLYING,0,341,294,1.1598639455782314
662,FLETCHINDER,,62,73,55,56,52,84,FIRE,FLYING,0,302,328,0.9207317073170732
663,TALONFLAME,,78,81,71,74,69,126,FIRE,FLYING,0,262,360,0.7277777777777777
664,SCATTERBUG,,38,35,40,27,25,35,BUG,,0,352,280,1.2571428571428571
665,SPEWPA,,45,22,60,27,30,29,BUG,,0,288,294,0.9795918367346939
666,VIVILLON,,80,52,50,90,50,89,BUG,FLYING,0,317,364,0.8708791208791209
667,LITLEO,,62,50,58,73,54,72,FIRE,NORMAL,0,294,328,0.8963414634146342
668,PYROAR,,86,68,72,109,66,106,FIRE,NORMAL,0,260,376,0.6914893617021277
669,FLABEBE,,44,38,39,61,79,42,FAIRY,,0,356,292,1.2191780821917808
670,FLOETTE,,54,45,47,75,98,52,FAIRY,,0,327,312,1.0480769230769231
671,FLORGES,,78,65,68,112,154,75,FAIRY,,0,269,360,0.7472222222222222
672,SKIDDO,,66,65,48,62,57,52,GRASS,,0,324,336,0.9642857142857143
673,GOGOAT,,123,100,62,97,81,68,GRASS,,0,283,450,0.6288888888888889
674,PANCHAM,,67,82,62,46,48,43,FIGHTING,,0,283,338,0.8372781065088757
675,PANGORO,,95,124,78,69,71,58,FIGHTING,DARK,0,248,394,0.6294416243654822
676,FURFROU,,75,80,60,65,90,102,NORMAL,,0,288,354,0.8135593220338984
677,ESPURR,,62,48,54,63,60,68,PSYCHIC,,0,305,328,0.9298780487804879
678,MEOWSTIC,,74,48,76,83,81,104,PSYCHIC,,0,252,352,0.7159090909090909
679,HONEDGE,,45,80,100,35,37,28,STEEL,GHOST,0,264,294,0.8979591836734694
680,DOUBLADE,,59,110,150,45,49,35,STEEL,GHOST,0,232,322,0.7204968944099379
681,AEGISLASH,,60,50,140,50,140,60,STEEL,GHOST,0,167,324,0.5154320987654321
682,SPRITZEE,,78,52,60,63,65,23,FAIRY,,0,288,360,0.8
683,AROMATISSE,,101,72,72,99,89,29,FAIRY,,0,260,406,0.6403940886699507
684,SWIRLIX,,62,48,66,59,57,49,FAIRY,,0,273,328,0.8323170731707317
685,SLURPUFF,,82,80,86,85,75,72,FAIRY,,0,233,368,0.6331521739130435
686,INKAY,,53,54,53,37,46,45,DARK,PSYCHIC,0,308,310,0.9935483870967742
687,MALAMAR,,86,92,88,68,75,73,DARK,PSYCHIC,0,230,376,0.6117021276595744
688,BINACLE,,42,52,67,39,56,50,ROCK,WATER,0,271,288,0.9409722222222222
689,BARBARACLE,,72,105,115,86,68,54,ROCK,WATER,0,195,348,0.5603448275862069
690,SKRELP,,50,60,60,60,60,30,POISON,WATER,0,288,304,0.9473684210526315
691,DRAGALGE,,65,75,90,97,123,44,POISON,DRAGON,0,227,334,0.6796407185628742
692,CLAUNCHER,,50,53,62,58,63,44,WATER,,0,283,304,0.930921052631579
693,CLAWITZER,,71,73,88,120,89,59,WATER,,0,230,346,0.6647398843930635
694,HELIOPTILE,,44,38,33,61,43,70,ELECTRIC,NORMAL,0,382,292,1.3082191780821917
695,HELIOLISK,,62,55,52,109,94,109,ELECTRIC,NORMAL,0,311,328,0.948170731707317
696,TYRUNT,,58,89,77,45,45,48,ROCK,DRAGON,0,250,320,0.78125
697,TYRANTRUM,,82,121,119,69,59,71,ROCK,DRAGON,0,211,368,0.5733695652173914
698,AMAURA,,77,59,50,67,63,46,ROCK,ICE,0,317,358,0.8854748603351955
699,AURORUS,,123,77,72,99,92,58,ROCK,ICE,0,260,450,0.5777777777777777
700,SYLVEON,,95,65,65,110,130,60,FAIRY,,0,276,394,0.700507614213198
701,HAWLUCHA,,78,92,75,74,63,118,FIGHTING,FLYING,0,254,360,0.7055555555555556
702,DEDENNE,,67,58,57,81,67,101,ELECTRIC,FAIRY,0,296,338,0.8757396449704142
703,CARBINK,,50,50,150,50,150,50,ROCK,FAIRY,0,159,304,0.5230263157894737
704,GOOMY,,45,50,35,55,75,40,DRAGON,,0,373,294,1.2687074829931972
705,SLIGGOO,,68,75,53,83,113,60,DRAGON,,0,308,340,0.9058823529411765
706,GOODRA,,90,100,70,110,150,80,DRAGON,,0,264,384,0.6875
707,KLEFKI,,57,80,91,80,87,75,STEEL,FAIRY,0,225,318,0.7075471698113207
708,PHANTUMP,,43,70,48,50,60,38,GHOST,GRASS,0,324,290,1.1172413793103448
709,TREVENANT,,85,110,76,65,82,56,GHOST,GRASS,0,252,374,0.6737967914438503
710,PUMPKABOO,,49,66,70,44,55,51,GHOST,GRASS,0,264,302,0.8741721854304636
711,GOURGEIST,,65,90,122,58,75,84,GHOST,GRASS,0,185,334,0.5538922155688623
712,BERGMITE,,55,69,85,32,35,28,ICE,,0,270,314,0.8598726114649682
713,AVALUGG,,95,117,184,44,46,28,ICE,,0,239,394,0.6065989847715736
714,NOIBAT,,40,30,35,45,40,55,FLYING,DRAGON,0,373,284,1.3133802816901408
715,NOIVERN,,85,70,80,97,80,123,FLYING,DRAGON,0,244,374,0.6524064171122995
716,XERNEAS,,126,131,95,131,98,99,FAIRY,,0,219,456,0.48026315789473684
717,YVELTAL,,126,131,95,131,98,99,DARK,FLYING,0,219,456,0.48026315789473684
718,ZYGARDE,,108,100,121,81,95,95,DRAGON,GROUND,0,186,420,0.44285714285714284
719,DIANCIE,,50,100,150,100,150,50,ROCK,FAIRY,0,159,304,0.5230263157894737
720,HOOPA,,80,110,60,150,130,70,PSYCHIC,GHOST,0,288,364,0.7912087912087912
721,VOLCANION,,80,110,120,130,90,70,FIRE,WATER,0,187,364,0.5137362637362637
722,ROWLET,,68,55,55,50,50,42,GRASS,FLYING,0,302,340,0.888235294117647
723,DARTRIX,,78,75,75,70,70,52,GRASS,FLYING,0,254,360,0.7055555555555556
724,DECIDUEYE,,78,107,75,100,100,70,GRASS,GHOST,0,254,360,0.7055555555555556
725,LITTEN,,45,65,40,60,40,70,FIRE,,0,352,294,1.1972789115646258
726,TORRACAT,,65,85,50,80,50,90,FIRE,,0,317,334,0.9491017964071856
727,INCINEROAR,,95,115,90,80,90,60,FIRE,DARK,0,227,394,0.5761421319796954
728,POPPLIO,,50,54,54,66,56,40,WATER,,0,305,304,1.0032894736842106
729,BRIONNE,,60,69,69,91,81,50,WATER,,0,266,324,0.8209876543209876
730,PRIMARINA,,80,74,74,126,116,60,WATER,FAIRY,0,256,364,0.7032967032967034
731,PIKIPEK,,35,75,30,30,30,65,NORMAL,FLYING,0,396,274,1.4452554744525548
732,TRUMBEAK,,55,85,50,40,50,75,NORMAL,FLYING,0,317,314,1.0095541401273886
733,TOUCANNON,,80,120,75,75,75,60,NORMAL,FLYING,0,254,364,0.6978021978021978
734,YUNGOOS,,48,70,30,30,30,45,NORMAL,,0,396,300,1.32
735,GUMSHOOS,,88,110,60,55,60,45,NORMAL,,0,288,380,0.7578947368421053
736,GRUBBIN,,47,62,45,55,45,46,BUG,,0,334,298,1.1208053691275168
737,CHARJABUG,,57,82,95,55,75,36,BUG,ELECTRIC,0,219,318,0.6886792452830188
738,VIKAVOLT,,77,70,90,145,75,43,BUG,ELECTRIC,0,227,358,0.6340782122905028
739,CRABRAWLER,,47,82,57,42,47,63,FIGHTING,,0,296,298,0.9932885906040269
740,CRABOMINABLE,,97,132,77,62,67,43,FIGHTING,ICE,0,250,398,0.628140703517588
741,ORICORIO,,75,70,70,98,70,93,FIRE,FLYING,0,264,354,0.7457627118644068
742,CUTIEFLY,,40,45,40,55,40,84,BUG,FAIRY,0,352,284,1.2394366197183098
743,RIBOMBEE,,60,55,60,95,70,124,BUG,FAIRY,0,288,324,0.8888888888888888
744,ROCKRUFF,,45,65,40,30,40,60,ROCK,,0,352,294,1.1972789115646258
745,LYCANROC,,75,115,65,55,65,112,ROCK,,0,276,354,0.7796610169491526
746,WISHIWASHI,,45,20,20,25,25,40,WATER,,0,453,294,1.5408163265306123
747,MAREANIE,,50,53,62,43,52,45,POISON,WATER,0,283,304,0.930921052631579
748,TOXAPEX,,50,63,152,53,142,35,POISON,WATER,0,157,304,0.5164473684210527
749,MUDBRAY,,70,100,70,45,55,45,GROUND,,0,264,344,0.7674418604651163
750,MUDSDALE,,100,125,100,55,85,35,GROUND,,0,212,404,0.5247524752475248
751,DEWPIDER,,38,40,52,40,72,27,WATER,BUG,0,311,280,1.1107142857142858
752,ARAQUANID,,68,70,92,50,132,42,WATER,BUG,0,223,340,0.6558823529411765
753,FOMANTIS,,40,55,35,50,35,35,GRASS,,0,373,284,1.3133802816901408
754,LURANTIS,,70,105,90,80,90,45,GRASS,,0,227,344,0.6598837209302325
755,MORELULL,,40,35,55,65,75,15,GRASS,FAIRY,0,302,284,1.0633802816901408
756,SHIINOTIC,,60,45,80,90,100,30,GRASS,FAIRY,0,244,324,0.7530864197530864
757,SALANDIT,,48,44,40,71,40,77,POISON,FIRE,0,352,300,1.1733333333333333
758,SALAZZLE,,68,64,60,111,60,117,POISON,FIRE,0,288,340,0.8470588235294118
759,STUFFUL,,70,75,50,45,50,50,NORMAL,FIGHTING,0,317,344,0.9215116279069767
760,BEWEAR,,120,125,80,55,60,60,NORMAL,FIGHTING,0,244,444,0.5495495495495496
761,BOUNSWEET,,42,30,38,30,38,32,GRASS,,0,360,288,1.25
762,STEENEE,,52,40,48,40,48,62,GRASS,,0,324,308,1.051948051948052
763,TSAREENA,,72,120,98,50,98,72,GRASS,,0,214,348,0.6149425287356322
764,COMFEY,,51,52,90,82,110,100,FAIRY,,0,227,306,0.7418300653594772
765,ORANGURU,,90,60,80,90,110,60,NORMAL,PSYCHIC,0,244,384,0.6354166666666666
766,PASSIMIAN,,100,120,90,40,60,80,FIGHTING,,0,227,404,0.5618811881188119
767,WIMPOD,,25,35,40,20,30,80,BUG,WATER,0,352,254,1.3858267716535433
768,GOLISOPOD,,75,125,140,60,90,40,BUG,WATER,0,167,354,0.4717514124293785
769,SANDYGAST,,55,55,80,70,45,15,GHOST,GROUND,0,244,314,0.7770700636942676
770,PALOSSAND,,85,75,110,100,75,35,GHOST,GROUND,0,198,374,0.5294117647058824
771,PYUKUMUKU,,55,60,130,30,130,5,WATER,,0,176,314,0.5605095541401274
772,TYPENULL,,95,95,95,95,95,59,NORMAL,,0,219,394,0.5558375634517766
773,SILVALLY,,95,95,95,95,95,95,NORMAL,,0,219,394,0.5558375634517766
774,MINIOR,,60,60,100,60,100,60,ROCK,FLYING,0,212,324,0.654320987654321
775,KOMALA,,65,115,65,75,95,65,NORMAL,,0,276,334,0.8263473053892215
776,TURTONATOR,,60,78,135,91,85,36,FIRE,DRAGON,0,172,324,0.5308641975308642
777,TOGEDEMARU,,65,98,63,40,73,96,ELECTRIC,STEEL,0,281,334,0.8413173652694611
778,MIMIKYU,,55,90,80,50,105,96,GHOST,FAIRY,0,244,314,0.7770700636942676
779,BRUXISH,,68,105,70,70,70,92,WATER,PSYCHIC,0,264,340,0.7764705882352941
780,DRAMPA,,78,60,85,135,91,36,NORMAL,DRAGON,0,235,360,0.6527777777777778
781,DHELMISE,,70,131,100,86,90,40,GHOST,GRASS,0,212,344,0.6162790697674418
782,JANGMOO,,45,55,65,45,45,45,DRAGON,,0,276,294,0.9387755102040817
783,HAKAMOO,,55,75,90,65,70,65,DRAGON,FIGHTING,0,227,314,0.7229299363057324
784,KOMMOO,,75,110,125,100,105,85,DRAGON,FIGHTING,0,181,354,0.5112994350282486
785,TAPUKOKO,,70,115,85,95,75,130,ELECTRIC,FAIRY,0,235,344,0.6831395348837209
786,TAPULELE,,70,85,75,130,115,95,PSYCHIC,FAIRY,0,254,344,0.7383720930232558
787,TAPUBULU,,70,130,115,85,95,75,GRASS,FAIRY,0,192,344,0.5581395348837209
788,TAPUFINI,,70,75,115,95,130,85,WATER,FAIRY,0,192,344,0.5581395348837209
789,COSMOG,,43,29,31,29,31,37,PSYCHIC,,0,392,290,1.3517241379310345
790,COSMOEM,,43,29,131,131,37,37,PSYCHIC,,0,264,290,0.9103448275862069
791,SOLGALEO,,137,137,107,113,89,97,PSYCHIC,STEEL,0,202,478,0.4225941422594142
792,LUNALA,,137,113,89,137,107,97,PSYCHIC,GHOST,0,228,478,0.4769874476987448
793,NIHILEGO,,109,53,47,127,131,103,ROCK,POISON,0,327,422,0.7748815165876777
794,BUZZWOLE,,107,139,139,53,53,79,BUG,FIGHTING,0,223,418,0.5334928229665071
795,PHEROMOSA,,71,137,37,137,37,151,BUG,FIGHTING,0,364,346,1.0520231213872833
796,XURKITREE,,83,89,71,173,71,83,ELECTRIC,,0,262,370,0.7081081081081081
797,CELESTEELA,,97,101,103,107,101,61,STEEL,FLYING,0,207,398,0.5201005025125628
798,KARTANA,,59,181,131,59,31,109,GRASS,STEEL,0,283,322,0.8788819875776398
799,GUZZLORD,,223,101,53,97,53,43,DARK,DRAGON,0,308,650,0.47384615384615386
800,NECROZMA,,97,107,101,127,89,79,PSYCHIC,,0,210,398,0.5276381909547738
801,MAGEARNA,,80,95,115,130,115,65,STEEL,FAIRY,0,192,364,0.5274725274725275
802,MARSHADOW,,90,125,80,90,90,125,FIGHTING,GHOST,0,244,384,0.6354166666666666
803,POIPOLE,,67,73,67,73,67,73,POISON,,0,271,338,0.8017751479289941
804,NAGANADEL,,73,73,73,127,73,121,POISON,DRAGON,0,258,350,0.7371428571428571
805,STAKATAKA,,61,131,211,53,101,13,ROCK,STEEL,0,153,326,0.46932515337423314
806,BLACEPHALON,,53,127,53,151,79,107,FIRE,GHOST,0,308,310,0.9935483870967742
807,ZERAORA,,88,112,75,102,80,143,ELECTRIC,,0,254,380,0.6684210526315789
808,MELTAN,,46,65,65,55,35,34,STEEL,,0,276,296,0.9324324324324325
809,MELMETAL,,135,143,143,80,65,34,STEEL,,0,200,474,0.4219409282700422
810,GROOKEY,,50,65,50,40,40,65,GRASS,,0,317,304,1.042763157894737
811,THWACKEY,,70,85,70,55,60,80,GRASS,,0,264,344,0.7674418604651163
812,RILLABOOM,,100,125,90,60,70,85,GRASS,,0,227,404,0.5618811881188119
813,SCORBUNNY,,50,71,40,40,40,69,FIRE,,0,352,304,1.1578947368421053
814,RABOOT,,65,86,60,55,60,94,FIRE,,0,288,334,0.8622754491017964
815,CINDERACE,,80,116,75,65,75,119,FIRE,,0,254,364,0.6978021978021978
816,SOBBLE,,50,40,40,70,40,70,WATER,,0,352,304,1.1578947368421053
817,DRIZZILE,,65,60,55,95,55,90,WATER,,0,302,334,0.9041916167664671
818,INTELEON,,70,85,65,125,65,120,WATER,,0,276,344,0.8023255813953488
819,SKWOVET,,70,55,55,35,35,25,NORMAL,,0,302,344,0.877906976744186
820,GREEDENT,,120,95,95,55,75,20,NORMAL,,0,219,444,0.49324324324324326
821,ROOKIDEE,,38,47,35,33,35,57,FLYING,,0,373,280,1.332142857142857
822,CORVISQUIRE,,68,67,55,43,55,77,FLYING,,0,302,340,0.888235294117647
823,CORVIKNIGHT,,98,87,105,53,85,67,FLYING,STEEL,0,205,400,0.5125
824,BLIPBUG,,25,20,20,25,45,45,BUG,,0,453,254,1.7834645669291338
825,DOTTLER,,50,35,80,50,90,30,BUG,PSYCHIC,0,244,304,0.8026315789473685
826,ORBEETLE,,60,45,110,80,120,90,BUG,PSYCHIC,0,198,324,0.6111111111111112
827,NICKIT,,40,28,28,52,47,50,DARK,,0,407,284,1.4330985915492958
828,THIEVUL,,70,58,58,92,87,90,DARK,,0,294,344,0.8546511627906976
829,GOSSIFLEUR,,40,40,60,40,60,10,GRASS,,0,288,284,1.0140845070422535
830,ELDEGOSS,,60,50,90,80,120,60,GRASS,,0,227,324,0.7006172839506173
831,WOOLOO,,42,40,55,40,45,48,NORMAL,,0,302,288,1.0486111111111112
832,DUBWOOL,,72,80,100,60,90,88,NORMAL,,0,212,348,0.6091954022988506
833,CHEWTLE,,50,64,50,38,38,44,WATER,,0,317,304,1.042763157894737
834,DREDNAW,,90,115,90,48,68,74,WATER,ROCK,0,227,384,0.5911458333333334
835,YAMPER,,59,45,50,40,50,26,ELECTRIC,,0,317,322,0.984472049689441
836,BOLTUND,,69,90,60,90,60,121,ELECTRIC,,0,288,342,0.8421052631578947
837,ROLYCOLY,,30,40,50,40,50,30,ROCK,,0,317,264,1.2007575757575757
838,CARKOL,,80,60,90,60,70,50,ROCK,FIRE,0,227,364,0.6236263736263736
839,COALOSSAL,,110,80,120,80,90,30,ROCK,FIRE,0,187,424,0.4410377358490566
840,APPLIN,,40,40,80,40,40,20,GRASS,DRAGON,0,255,284,0.897887323943662
841,FLAPPLE,,70,110,80,95,60,70,GRASS,DRAGON,0,244,344,0.7093023255813954
842,APPLETUN,,110,85,80,100,80,30,GRASS,DRAGON,0,244,424,0.5754716981132075
843,SILICOBRA,,52,57,75,35,50,46,GROUND,,0,254,308,0.8246753246753247
844,SANDACONDA,,72,107,125,65,70,71,GROUND,,0,192,348,0.5517241379310345
845,CRAMORANT,,70,85,55,85,95,85,FLYING,WATER,0,302,344,0.877906976744186
846,ARROKUDA,,41,63,40,40,30,66,WATER,,0,352,286,1.2307692307692308
847,BARRASKEWDA,,61,123,60,60,50,136,WATER,,0,288,326,0.8834355828220859
848,TOXEL,,40,38,35,54,35,40,ELECTRIC,POISON,0,373,284,1.3133802816901408
849,TOXTRICITY,,75,98,70,114,70,75,ELECTRIC,POISON,0,264,354,0.7457627118644068
850,SIZZLIPEDE,,50,65,45,50,50,45,FIRE,BUG,0,334,304,1.0986842105263157
851,CENTISKORCH,,100,115,65,90,90,65,FIRE,BUG,0,276,404,0.6831683168316832
852,CLOBBOPUS,,50,68,60,50,50,32,FIGHTING,,0,288,304,0.9473684210526315
853,GRAPPLOCT,,80,118,90,70,80,42,FIGHTING,,0,227,364,0.6236263736263736
854,SINISTEA,,40,45,45,74,54,50,GHOST,,0,334,284,1.176056338028169
855,POLTEAGEIST,,60,65,65,134,114,70,GHOST,,0,276,324,0.8518518518518519
856,HATENNA,,42,30,45,56,53,39,PSYCHIC,,0,334,288,1.1597222222222223
857,HATTREM,,57,40,65,86,73,49,PSYCHIC,,0,276,318,0.8679245283018868
858,HATTERENE,,57,90,95,136,103,29,PSYCHIC,FAIRY,0,219,318,0.6886792452830188
859,IMPIDIMP,,45,45,30,55,40,50,DARK,FAIRY,0,396,294,1.346938775510204
860,MORGREM,,65,60,45,75,55,70,DARK,FAIRY,0,334,334,1.0
861,GRIMMSNARL,,95,120,65,95,75,60,DARK,FAIRY,0,276,394,0.700507614213198
862,OBSTAGOON,,93,90,101,60,81,95,DARK,NORMAL,0,210,390,0.5384615384615384
863,PERRSERKER,,70,110,100,50,60,50,STEEL,,0,212,344,0.6162790697674418
864,CURSOLA,,60,95,50,145,130,30,GHOST,,0,317,324,0.9783950617283951
865,SIRFETCHD,,62,135,95,68,82,65,FIGHTING,,0,219,328,0.6676829268292683
866,MRRIME,,80,85,75,110,100,70,ICE,PSYCHIC,0,254,364,0.6978021978021978
867,RUNERIGUS,,58,95,145,50,105,30,GROUND,GHOST,0,163,320,0.509375
868,MILCERY,,45,40,40,50,61,34,FAIRY,,0,352,294,1.1972789115646258
869,ALCREMIE,,65,60,75,110,121,64,FAIRY,,0,254,334,0.7604790419161677
870,FALINKS,,65,100,100,70,60,75,FIGHTING,,0,212,334,0.6347305389221557
871,PINCURCHIN,,48,101,95,91,85,15,ELECTRIC,,0,219,300,0.73
872,SNOM,,30,25,35,45,30,20,ICE,BUG,0,373,264,1.4128787878787878
873,FROSMOTH,,70,65,60,125,90,65,ICE,BUG,0,288,344,0.8372093023255814
874,STONJOURNER,,100,125,135,20,20,70,ROCK,,0,328,404,0.8118811881188119
875,EISCUE,,75,80,110,65,90,50,ICE,,0,198,354,0.559322033898305
876,INDEEDEE,,60,65,55,105,95,95,PSYCHIC,NORMAL,0,302,324,0.9320987654320988
877,MORPEKO,,58,95,58,70,58,97,ELECTRIC,DARK,0,294,320,0.91875
878,CUFANT,,72,80,49,40,49,40,STEEL,,0,320,348,0.9195402298850575
879,COPPERAJAH,,122,130,69,80,69,30,STEEL,,0,266,448,0.59375
880,DRACOZOLT,,90,100,90,80,70,75,ELECTRIC,DRAGON,0,227,384,0.5911458333333334
881,ARCTOZOLT,,90,100,90,90,80,55,ELECTRIC,ICE,0,227,384,0.5911458333333334
882,DRACOVISH,,90,90,100,70,80,75,WATER,DRAGON,0,212,384,0.5520833333333334
883,ARCTOVISH,,90,90,100,80,90,55,WATER,ICE,0,212,384,0.5520833333333334
884,DURALUDON,,70,95,115,120,50,85,STEEL,DRAGON,0,230,344,0.6686046511627907
885,DREEPY,,28,60,30,40,30,82,DRAGON,GHOST,0,396,260,1.523076923076923
886,DRAKLOAK,,68,80,50,60,50,102,DRAGON,GHOST,0,317,340,0.9323529411764706
887,DRAGAPULT,,88,120,75,100,75,142,DRAGON,GHOST,0,254,380,0.6684210526315789
888,ZACIAN,,92,120,115,80,115,138,FAIRY,,0,192,388,0.4948453608247423
889,ZAMAZENTA,,92,120,115,80,115,138,FIGHTING,,0,192,388,0.4948453608247423
890,ETERNATUS,,140,85,95,145,95,130,POISON,DRAGON,0,219,484,0.4524793388429752
891,KUBFU,,60,90,60,53,50,72,FIGHTING,,0,288,324,0.8888888888888888
892,URSHIFU,,100,130,100,63,60,97,FIGHTING,DARK,0,212,404,0.5247524752475248
893,ZARUDE,,105,120,105,70,95,105,DARK,GRASS,0,205,414,0.49516908212560384
894,REGIELEKI,,80,100,50,100,50,200,ELECTRIC,,0,317,364,0.8708791208791209
895,REGIDRAGO,,200,100,50,100,50,80,DRAGON,,0,317,604,0.5248344370860927
896,GLASTRIER,,100,145,130,65,110,30,ICE,,0,176,404,0.43564356435643564
897,SPECTRIER,,100,65,60,145,80,130,GHOST,,0,288,404,0.7128712871287128
898,CALYREX,,100,80,80,80,80,80,PSYCHIC,GRASS,0,244,404,0.6039603960396039
899,WYRDEER,,103,105,72,105,75,65,NORMAL,PSYCHIC,0,260,410,0.6341463414634146
900,KLEAVOR,,70,130,95,45,75,85,BUG,ROCK,0,219,344,0.6366279069767442
901,URSALUNA,,130,140,105,45,80,50,NORMAL,GROUND,0,205,464,0.4418103448275862
902,BASCULEGION,,120,112,65,80,75,78,WATER,GHOST,0,276,444,0.6216216216216216
903,SNEASLER,,80,130,60,40,80,120,FIGHTING,POISON,0,288,364,0.7912087912087912
904,OVERQWIL,,85,115,95,65,65,85,DARK,POISON,0,219,374,0.5855614973262032
905,ENAMORUS,,74,115,70,135,80,106,FAIRY,FLYING,0,264,352,0.75
906,SPRIGATITO,,40,61,54,45,45,65,GRASS,,0,305,284,1.073943661971831
907,FLORAGATO,,61,80,63,60,63,83,GRASS,,0,281,326,0.8619631901840491
908,MEOWSCARADA,,76,110,70,81,70,123,GRASS,DARK,0,264,356,0.7415730337078652
909,FUECOCO,,67,45,59,63,40,36,FIRE,,0,291,338,0.8609467455621301
910,CROCALOR,,81,55,78,90,58,49,FIRE,,0,248,366,0.6775956284153005
911,SKELEDIRGE,,104,75,100,110,75,66,FIRE,GHOST,0,212,412,0.5145631067961165
912,QUAXLY,,55,65,45,50,45,50,WATER,,0,334,314,1.0636942675159236
913,QUAXWELL,,70,85,65,65,60,65,WATER,,0,276,344,0.8023255813953488
914,QUAQUAVAL,,85,120,80,85,75,85,WATER,FIGHTING,0,244,374,0.6524064171122995
915,LECHONK,,54,45,40,35,45,35,NORMAL,,0,352,312,1.1282051282051282
916,OINKOLOGNE,,110,100,75,59,80,65,NORMAL,,0,254,424,0.5990566037735849
917,TAROUNTULA,,35,41,45,29,40,20,BUG,,0,334,274,1.218978102189781
918,SPIDOPS,,60,79,92,52,86,35,BUG,,0,223,324,0.6882716049382716
919,NYMBLE,,33,46,40,21,25,45,BUG,,0,352,270,1.3037037037037038
920,LOKIX,,71,102,78,52,55,92,BUG,DARK,0,248,346,0.7167630057803468
921,PAWMI,,45,50,20,40,25,60,ELECTRIC,,0,453,294,1.5408163265306123
922,PAWMO,,60,75,40,50,40,85,ELECTRIC,FIGHTING,0,352,324,1.0864197530864197
923,PAWMOT,,70,115,70,70,60,105,ELECTRIC,FIGHTING,0,264,344,0.7674418604651163
924,CLODSIRE,,130,75,60,45,100,20,POISON,GROUND,0,288,464,0.6206896551724138
925,TANDEMAUS,,50,50,45,40,45,75,NORMAL,,0,334,304,1.0986842105263157
926,MAUSHOLD,,74,75,70,65,75,111,NORMAL,,0,264,352,0.75
927,FIDOUGH,,37,55,70,30,55,65,FAIRY,,0,264,278,0.9496402877697842
928,DACHSBUN,,57,80,115,50,80,95,FAIRY,,0,192,318,0.6037735849056604
929,SMOLIV,,41,35,45,58,51,30,GRASS,NORMAL,0,334,286,1.167832167832168
930,DOLLIV,,52,53,60,78,78,33,GRASS,NORMAL,0,288,308,0.935064935064935
931,ARBOLIVA,,78,69,90,125,109,39,GRASS,NORMAL,0,227,360,0.6305555555555555
932,SQUAWKABILLY,,82,96,51,45,51,92,NORMAL,FLYING,0,314,368,0.8532608695652174
933,NACLI,,55,55,75,35,35,25,ROCK,,0,270,314,0.8598726114649682
934,NACLSTACK,,60,60,100,35,65,35,ROCK,,0,212,324,0.654320987654321
935,GARGANACL,,100,100,130,45,90,35,ROCK,,0,176,404,0.43564356435643564
936,ANNIHILAPE,,110,115,80,50,90,90,FIGHTING,GHOST,0,244,424,0.5754716981132075
937,CHARCADET,,40,50,40,50,40,35,FIRE,,0,352,284,1.2394366197183098
938,ARMAROUGE,,85,60,100,125,80,75,FIRE,PSYCHIC,0,212,374,0.5668449197860963
939,CERULEDGE,,75,125,80,60,100,85,FIRE,GHOST,0,244,354,0.6892655367231638
940,TADBULB,,61,31,41,59,35,45,ELECTRIC,,0,348,326,1.0674846625766872
941,BELLIBOLT,,109,64,91,103,83,45,ELECTRIC,,0,225,422,0.533175355450237
942,WATTREL,,40,40,35,55,40,70,ELECTRIC,FLYING,0,373,284,1.3133802816901408
943,KILOWATTREL,,70,70,60,105,60,125,ELECTRIC,FLYING,0,288,344,0.8372093023255814
944,DUDUNSPARCE,,125,100,80,85,75,55,NORMAL,,0,244,454,0.5374449339207048
945,FARIGIRAF,,120,90,70,110,70,60,NORMAL,PSYCHIC,0,264,444,0.5945945945945946
946,MASCHIFF,,60,78,60,40,51,51,DARK,,0,288,324,0.8888888888888888
947,MABOSSTIFF,,80,120,90,60,70,85,DARK,,0,227,364,0.6236263736263736
948,SHROODLE,,40,65,35,40,35,75,POISON,NORMAL,0,373,284,1.3133802816901408
949,GRAFAIAI,,63,95,65,80,72,110,POISON,NORMAL,0,276,330,0.8363636363636363
950,BRAMBLIN,,40,65,30,45,35,60,GRASS,GHOST,0,396,284,1.3943661971830985
951,BRAMBLEGHAST,,55,115,70,80,70,90,GRASS,GHOST,0,264,314,0.8407643312101911
952,TOEDSCOOL,,40,40,35,50,100,70,GROUND,GRASS,0,373,284,1.3133802816901408
953,TOEDSCRUEL,,80,70,65,80,120,100,GROUND,GRASS,0,276,364,0.7582417582417582
954,KLAWF,,70,100,115,35,55,75,ROCK,,0,219,344,0.6366279069767442
955,CAPSAKID,,50,62,40,62,40,50,GRASS,,0,352,304,1.1578947368421053
956,SCOVILLAIN,,65,108,65,108,65,75,GRASS,FIRE,0,276,334,0.8263473053892215
957,RELLOR,,41,50,60,31,58,30,BUG,,0,288,286,1.006993006993007
958,RABSCA,,75,50,85,115,100,45,BUG,PSYCHIC,0,235,354,0.6638418079096046
959,FLITTLE,,30,35,30,55,30,75,PSYCHIC,,0,396,264,1.5
960,ESPATHRA,,95,60,60,101,60,105,PSYCHIC,,0,288,394,0.7309644670050761
961,TINKATINK,,50,45,45,35,64,58,FAIRY,STEEL,0,334,304,1.0986842105263157
962,TINKATUFF,,65,55,55,45,82,78,FAIRY,STEEL,0,302,334,0.9041916167664671
963,TINKATON,,85,75,77,70,105,94,FAIRY,STEEL,0,250,374,0.6684491978609626
964,WIGLETT,,10,55,25,35,25,95,WATER,,0,423,224,1.8883928571428572
965,WUGTRIO,,35,100,50,50,70,120,WATER,,0,317,274,1.1569343065693432
966,BOMBIRDIER,,70,103,85,60,85,82,FLYING,DARK,0,235,344,0.6831395348837209
967,FINIZEN,,70,45,40,45,40,75,WATER,,0,352,344,1.0232558139534884
968,PALAFIN,,100,70,72,53,62,100,WATER,,0,260,404,0.6435643564356436
969,VAROOM,,45,70,63,30,45,47,STEEL,POISON,0,281,294,0.95578231292517
970,REVAVROOM,,80,119,90,54,67,90,STEEL,POISON,0,227,364,0.6236263736263736
971,CYCLIZAR,,70,95,65,85,65,121,DRAGON,NORMAL,0,276,344,0.8023255813953488
972,ORTHWORM,,70,85,145,60,55,65,STEEL,,0,219,344,0.6366279069767442
973,GLIMMET,,48,35,42,105,60,60,ROCK,POISON,0,345,300,1.15
974,GLIMMORA,,83,55,90,130,81,86,ROCK,POISON,0,227,370,0.6135135135135135
975,GREAVARD,,50,61,60,30,55,34,GHOST,,0,288,304,0.9473684210526315
976,HOUNDSTONE,,72,101,100,50,97,68,GHOST,,0,212,348,0.6091954022988506
977,FLAMIGO,,82,115,74,75,64,90,FLYING,FIGHTING,0,256,368,0.6956521739130435
978,CETODDLE,,108,68,45,30,40,43,ICE,,0,334,420,0.7952380952380952
979,CETITAN,,170,113,65,45,55,73,ICE,,0,276,544,0.5073529411764706
980,KINGAMBIT,,100,135,120,60,85,50,DARK,STEEL,0,187,404,0.4628712871287129
981,VELUZA,,90,102,73,78,65,70,WATER,PSYCHIC,0,258,384,0.671875
982,DONDOZO,,150,100,115,65,65,35,WATER,,0,200,504,0.3968253968253968
983,TATSUGIRI,,68,50,60,120,95,82,DRAGON,WATER,0,288,340,0.8470588235294118
984,GREATTUSK,,115,131,131,53,53,87,GROUND,FIGHTING,0,223,434,0.5138248847926268
985,SCREAMTAIL,,115,65,99,65,115,111,FAIRY,PSYCHIC,0,213,434,0.49078341013824883
986,BRUTEBONNET,,111,127,99,79,99,55,GRASS,DARK,0,213,426,0.5
987,FLUTTERMANE,,55,55,55,135,135,135,GHOST,FAIRY,0,302,314,0.9617834394904459
988,SLITHERWING,,85,135,79,85,105,81,BUG,FIGHTING,0,246,374,0.6577540106951871
989,SANDYSHOCKS,,85,81,97,121,85,101,ELECTRIC,GROUND,0,216,374,0.5775401069518716
990,IRONTREADS,,90,112,120,72,70,106,GROUND,STEEL,0,192,384,0.5
991,IRONBUNDLE,,56,80,114,124,60,136,ICE,WATER,0,209,316,0.6613924050632911
992,IRONHANDS,,154,140,108,50,68,50,FIGHTING,ELECTRIC,0,201,512,0.392578125
993,IRONJUGULIS,,94,80,86,122,80,108,DARK,FLYING,0,233,392,0.5943877551020408
994,IRONMOTH,,80,70,60,140,110,110,FIRE,POISON,0,288,364,0.7912087912087912
995,IRONTHORNS,,100,134,110,70,84,72,ROCK,ELECTRIC,0,198,404,0.4900990099009901
996,FRIGIBAX,,65,75,45,35,45,55,DRAGON,ICE,0,334,334,1.0
997,ARCTIBAX,,90,95,66,45,65,62,DRAGON,ICE,0,273,384,0.7109375
998,BAXCALIBUR,,115,145,92,75,86,87,DRAGON,ICE,0,223,434,0.5138248847926268
999,GIMMIGHOUL,,45,30,70,75,70,10,GHOST,,0,264,294,0.8979591836734694
1000,GHOLDENGO,,87,60,95,133,91,84,STEEL,GHOST,0,219,378,0.5793650793650794
1001,WOCHIEN,,85,85,100,95,135,70,DARK,GRASS,0,212,374,0.5668449197860963
1002,CHIENPAO,,80,120,80,90,65,135,DARK,ICE,0,244,364,0.6703296703296703
1003,TINGLU,,155,110,125,55,80,45,DARK,GROUND,0,181,514,0.3521400778210117
1004,CHIYU,,55,80,80,135,120,100,DARK,FIRE,0,244,314,0.7770700636942676
1005,ROARINGMOON,,105,139,71,55,101,119,DRAGON,DARK,0,262,414,0.6328502415458938
1006,IRONVALIANT,,74,130,90,120,60,116,FAIRY,FIGHTING,0,227,352,0.6448863636363636
1007,KORAIDON,,100,135,115,85,100,135,FIGHTING,DRAGON,0,192,404,0.4752475247524752
1008,MIRAIDON,,100,85,100,135,115,135,ELECTRIC,DRAGON,0,212,404,0.5247524752475248
1009,WALKINGWAKE,,99,83,91,125,83,109,WATER,DRAGON,0,225,402,0.5597014925373134
1010,IRONLEAVES,,90,130,88,70,108,104,GRASS,PSYCHIC,0,230,384,0.5989583333333334
1011,DIPPLIN,,80,80,110,95,90,40,GRASS,DRAGON,0,198,364,0.5439560439560439
1012,POLTCHAGEIST,,40,45,45,74,54,50,GRASS,GHOST,0,334,284,1.176056338028169
1013,SINISTCHA,,71,60,106,121,80,70,GRASS,GHOST,0,203,346,0.5867052023121387
1014,OKIDOGI,,88,128,115,58,86,80,POISON,FIGHTING,0,192,380,0.5052631578947369
1015,MUNKIDORI,,88,75,66,130,90,106,POISON,PSYCHIC,0,273,380,0.718421052631579
1016,FEZANDIPITI,,88,91,82,70,125,99,POISON,FAIRY,0,240,380,0.631578947368421
1017,OGERPON,,80,120,84,60,96,110,GRASS,,0,237,364,0.6510989010989011
1018,ARCHALUDON,,90,105,130,125,65,85,STEEL,DRAGON,0,200,384,0.5208333333333334
1019,HYDRAPPLE,,106,80,110,80,44,120,GRASS,DRAGON,0,244,416,0.5865384615384616
1020,GOUGINGFIRE,,105,115,121,65,93,91,FIRE,DRAGON,0,186,414,0.4492753623188406
1021,RAGINGBOLT,,125,73,91,137,89,75,ELECTRIC,DRAGON,0,225,454,0.4955947136563877
1022,IRONBOULDER,,90,120,80,68,108,124,ROCK,PSYCHIC,0,244,384,0.6354166666666666
1023,IRONCROWN,,90,72,100,122,108,98,STEEL,PSYCHIC,0,212,384,0.5520833333333334
1024,TERAPAGOS,,90,65,85,65,85,60,NORMAL,,0,235,384,0.6119791666666666
1025,PECHARUNT,,88,88,160,88,88,88,POISON,GHOST,0,167,380,0.4394736842105263
3,VENUSAUR_1,Mega Venusaur,80,100,123,122,120,80,GRASS,POISON,0,184,364,0.5054945054945055
6,CHARIZARD_1,Mega Charizard X,78,130,111,130,85,100,FIRE,DRAGON,0,197,360,0.5472222222222223
6,CHARIZARD_2,Mega Charizard Y,78,104,78,159,115,100,FIRE,FLYING,0,248,360,0.6888888888888889
9,BLASTOISE_1,Mega Blastoise,79,103,120,135,115,78,WATER,,0,187,362,0.5165745856353591
15,BEEDRILL_1,Mega Beedrill,65,150,40,15,80,145,BUG,POISON,0,352,334,1.0538922155688624
18,PIDGEOT_1,Mega Pidgeot,83,80,80,135,80,121,NORMAL,FLYING,0,244,370,0.6594594594594595
19,RATTATA_1,Alolan,30,56,35,25,35,72,DARK,NORMAL,0,373,264,1.4128787878787878
20,RATICATE_1,Alolan,75,71,70,40,80,77,DARK,NORMAL,0,264,354,0.7457627118644068
26,RAICHU_1,Alolan,60,85,50,95,85,110,ELECTRIC,PSYCHIC,0,317,324,0.9783950617283951
27,SANDSHREW_1,Alolan,50,75,90,10,35,40,ICE,STEEL,0,270,304,0.8881578947368421
28,SANDSLASH_1,Alolan,75,100,120,25,65,65,ICE,STEEL,0,200,354,0.5649717514124294
37,VULPIX_1,Alolan,38,41,40,50,65,65,ICE,,0,352,280,1.2571428571428571
38,NINETALES_1,Alolan,73,67,75,81,100,109,ICE,FAIRY,0,254,350,0.7257142857142858
50,DIGLETT_1,Alolan,10,55,30,35,45,90,GROUND,STEEL,0,396,224,1.7678571428571428
51,DUGTRIO_1,Alolan,35,100,60,50,70,110,GROUND,STEEL,0,288,274,1.051094890510949
52,MEOWTH_1,Alolan,40,35,35,50,40,90,DARK,,0,373,284,1.3133802816901408
52,MEOWTH_2,Galarian,50,65,55,40,40,40,STEEL,,0,302,304,0.993421052631579
53,PERSIAN_1,Alolan,65,60,60,75,65,115,DARK,,0,288,334,0.8622754491017964
65,ALAKAZAM_1,Mega Alakazam,55,50,65,175,105,150,PSYCHIC,,0,276,314,0.8789808917197452
74,GEODUDE_1,Alolan,40,80,100,30,30,20,ROCK,ELECTRIC,0,287,284,1.0105633802816902
75,GRAVELER_1,Alolan,55,95,115,45,45,35,ROCK,ELECTRIC,0,242,314,0.7707006369426752
76,GOLEM_1,Alolan,80,120,130,55,65,45,ROCK,ELECTRIC,0,200,364,0.5494505494505495
77,PONYTA_1,Galarian,50,85,55,65,65,90,PSYCHIC,,0,302,304,0.993421052631579
78,RAPIDASH_1,Galarian,65,100,70,80,80,105,PSYCHIC,FAIRY,0,264,334,0.7904191616766467
79,SLOWPOKE_1,Galarian,90,65,65,40,40,15,PSYCHIC,,0,276,384,0.71875
80,SLOWBRO_1,Galarian,95,100,95,100,70,30,POISON,PSYCHIC,0,219,394,0.5558375634517766
80,SLOWBRO_2,Mega Slowbro,95,75,180,130,80,30,WATER,PSYCHIC,0,177,394,0.44923857868020306
83,FARFETCHD_1,Galarian,52,95,55,58,62,55,FIGHTING,,0,302,308,0.9805194805194806
88,GRIMER_1,Alolan,80,80,50,40,50,25,POISON,DARK,0,317,364,0.8708791208791209
89,MUK_1,Alolan,105,105,75,65,100,50,POISON,DARK,0,254,414,0.6135265700483091
94,GENGAR_1,Mega Gengar,60,65,80,170,95,130,GHOST,POISON,0,244,324,0.7530864197530864
103,EXEGGUTOR_1,Alolan,95,105,85,125,75,45,GRASS,DRAGON,0,235,394,0.5964467005076142
105,MAROWAK_1,Alolan,60,80,110,50,80,45,FIRE,GHOST,0,198,324,0.6111111111111112
110,WEEZING_1,Galarian,65,90,120,85,70,60,POISON,FAIRY,0,192,334,0.5748502994011976
115,KANGASKHAN_1,Mega Kangaskhan,105,125,100,60,100,100,NORMAL,,0,212,414,0.5120772946859904
122,MRMIME_1,Galarian,50,65,65,90,90,100,ICE,PSYCHIC,0,276,304,0.9078947368421053
127,PINSIR_1,Mega Pinsir,65,155,120,65,90,105,BUG,FLYING,0,187,334,0.5598802395209581
130,GYARADOS_1,Mega Gyarados,95,155,109,70,130,81,WATER,FLYING,0,200,394,0.5076142131979695
142,AERODACTYL_1,Mega Aerodactyl,80,135,85,70,95,150,ROCK,FLYING,0,235,364,0.6456043956043956
144,ARTICUNO_1,Galarian,90,85,85,125,100,95,PSYCHIC,FLYING,0,235,384,0.6119791666666666
145,ZAPDOS_1,Galarian,90,125,90,85,90,100,FIGHTING,FLYING,0,227,384,0.5911458333333334
146,MOLTRES_1,Galarian,90,85,90,100,125,90,DARK,FLYING,0,227,384,0.5911458333333334
150,MEWTWO_1,Mega Mewtwo X,106,190,100,154,100,130,PSYCHIC,FIGHTING,0,212,416,0.5096153846153846
150,MEWTWO_2,Mega Mewtwo Y,106,150,70,194,120,140,PSYCHIC,,0,264,416,0.6346153846153846
181,AMPHAROS_1,Mega Ampharos,90,95,105,165,110,45,ELECTRIC,DRAGON,0,205,384,0.5338541666666666
199,SLOWKING_1,Galarian,95,65,80,110,110,30,POISON,PSYCHIC,0,244,394,0.6192893401015228
208,STEELIX_1,Mega Steelix,75,125,230,55,95,30,STEEL,GROUND,0,159,354,0.4491525423728814
212,SCIZOR_1,Mega Scizor,70,150,140,100,75,65,BUG,STEEL,0,184,344,0.5348837209302325
214,HERACROSS_1,Mega Heracross,80,185,115,40,105,75,BUG,FIGHTING,0,192,364,0.5274725274725275
222,CORSOLA_1,Galarian,60,55,100,65,100,30,GHOST,,0,212,324,0.654320987654321
229,HOUNDOOM_1,Mega Houndoom,75,90,90,140,90,115,DARK,FIRE,0,227,354,0.6412429378531074
248,TYRANITAR_1,Mega Tyranitar,100,164,150,95,120,71,ROCK,DARK,0,159,404,0.3935643564356436
254,SCEPTILE_1,Mega Sceptile,70,110,75,145,85,145,GRASS,DRAGON,0,254,344,0.7383720930232558
257,BLAZIKEN_1,Mega Blaziken,80,160,80,130,80,100,FIRE,FIGHTING,0,244,364,0.6703296703296703
260,SWAMPERT_1,Mega Swampert,100,150,110,95,110,70,WATER,GROUND,0,198,404,0.4900990099009901
263,ZIGZAGOON_1,Galarian,38,30,41,30,41,60,DARK,NORMAL,0,348,280,1.2428571428571429
264,LINOONE_1,Galarian,78,70,61,50,61,100,DARK,NORMAL,0,286,360,0.7944444444444444
282,GARDEVOIR_1,Mega Gardevoir,68,85,65,165,135,100,PSYCHIC,FAIRY,0,276,340,0.8117647058823529
302,SABLEYE_1,Mega Sableye,50,85,125,85,115,20,DARK,GHOST,0,181,304,0.5953947368421053
303,MAWILE_1,Mega Mawile,50,105,125,55,95,50,STEEL,FAIRY,0,181,304,0.5953947368421053
306,AGGRON_1,Mega Aggron,70,140,230,60,80,50,STEEL,,0,177,344,0.5145348837209303
308,MEDICHAM_1,Mega Medicham,60,100,85,80,85,100,FIGHTING,PSYCHIC,0,235,324,0.7253086419753086
310,MANECTRIC_1,Mega Manectric,70,75,80,135,80,135,ELECTRIC,,0,244,344,0.7093023255813954
319,SHARPEDO_1,Mega Sharpedo,70,140,70,110,65,105,WATER,DARK,0,264,344,0.7674418604651163
323,CAMERUPT_1,Mega Camerupt,70,120,100,145,105,20,FIRE,GROUND,0,212,344,0.6162790697674418
334,ALTARIA_1,Mega Altaria,75,110,110,110,105,80,DRAGON,FAIRY,0,198,354,0.559322033898305
351,CASTFORM_1,Sunny Form,70,100,100,100,100,70,FIRE,,0,212,344,0.6162790697674418
351,CASTFORM_2,Rainy Form,70,100,100,100,100,70,WATER,,0,212,344,0.6162790697674418
351,CASTFORM_3,Snowy Form,70,100,100,100,100,70,ICE,,0,212,344,0.6162790697674418
351,CASTFORM_4,Windy Form,70,100,100,100,100,70,FLYING,,0,212,344,0.6162790697674418
354,BANETTE_1,Mega Banette,64,165,75,93,83,75,GHOST,,0,254,332,0.7650602409638554
359,ABSOL_1,Mega Absol,65,150,60,115,60,115,DARK,,0,288,334,0.8622754491017964
362,GLALIE_1,Mega Glalie,80,120,80,120,80,100,ICE,,0,244,364,0.6703296703296703
373,SALAMENCE_1,Mega Salamence,95,145,130,120,90,120,DRAGON,FLYING,0,176,394,0.4467005076142132
376,METAGROSS_1,Mega Metagross,95,145,130,120,90,120,STEEL,PSYCHIC,0,176,394,0.4467005076142132
380,LATIAS_1,Mega Latias,80,100,120,140,150,110,DRAGON,PSYCHIC,0,187,364,0.5137362637362637
381,LATIOS_1,Mega Latios,80,130,100,160,120,110,DRAGON,PSYCHIC,0,212,364,0.5824175824175825
382,KYOGRE_1,Primal Kyogre,100,150,90,180,160,90,WATER,,0,227,404,0.5618811881188119
383,GROUDON_1,Primal Groudon,100,180,160,150,90,90,GROUND,FIRE,0,165,404,0.4084158415841584
384,RAYQUAZA_1,Mega Rayquaza,105,180,100,180,100,115,DRAGON,FLYING,0,212,414,0.5120772946859904
386,DEOXYS_1,Attack Forme,50,180,20,180,20,150,PSYCHIC,,0,453,304,1.4901315789473684
386,DEOXYS_2,Defense Forme,50,70,160,70,160,90,PSYCHIC,,0,151,304,0.4967105263157895
386,DEOXYS_3,Speed Forme,50,95,90,95,90,180,PSYCHIC,,0,227,304,0.7467105263157895
413,WORMADAM_1,Sandy Cloak,60,79,105,59,85,36,BUG,GROUND,0,205,324,0.6327160493827161
413,WORMADAM_2,Trash Cloak,60,69,95,69,95,36,BUG,STEEL,0,219,324,0.6759259259259259
428,LOPUNNY_1,Mega Lopunny,65,136,94,54,96,135,NORMAL,FIGHTING,0,220,334,0.6586826347305389
445,GARCHOMP_1,Mega Garchomp,108,170,115,120,95,92,DRAGON,GROUND,0,192,420,0.45714285714285713
448,LUCARIO_1,Mega Lucario,70,145,88,140,70,112,FIGHTING,STEEL,0,230,344,0.6686046511627907
460,ABOMASNOW_1,Mega Abomasnow,90,132,105,132,105,30,GRASS,ICE,0,205,384,0.5338541666666666
475,GALLADE_1,Mega Gallade,68,165,95,65,115,110,PSYCHIC,FIGHTING,0,219,340,0.6441176470588236
479,ROTOM_1,Heat Rotom,50,65,107,105,107,86,ELECTRIC,FIRE,0,202,304,0.6644736842105263
479,ROTOM_2,Wash Rotom,50,65,107,105,107,86,ELECTRIC,WATER,0,202,304,0.6644736842105263
479,ROTOM_3,Frost Rotom,50,65,107,105,107,86,ELECTRIC,ICE,0,202,304,0.6644736842105263
479,ROTOM_4,Fan Rotom,50,65,107,105,107,86,ELECTRIC,FLYING,0,202,304,0.6644736842105263
479,ROTOM_5,Mow Rotom,50,65,107,105,107,86,ELECTRIC,GRASS,0,202,304,0.6644736842105263
487,GIRATINA_1,Origin Forme,150,120,100,120,100,90,GHOST,DRAGON,0,212,504,0.42063492063492064
492,SHAYMIN_1,Sky Forme,100,103,75,120,75,127,GRASS,FLYING,0,254,404,0.6287128712871287
493,ARCEUS_1,Fighting Type,120,120,120,120,120,120,FIGHTING,,0,187,444,0.42117117117117114
493,ARCEUS_2,Flying Type,120,120,120,120,120,120,FLYING,,0,187,444,0.42117117117117114
493,ARCEUS_3,Poison Type,120,120,120,120,120,120,POISON,,0,187,444,0.42117117117117114
493,ARCEUS_4,Ground Type,120,120,120,120,120,120,GROUND,,0,187,444,0.42117117117117114
493,ARCEUS_5,Rock Type,120,120,120,120,120,120,ROCK,,0,187,444,0.42117117117117114
493,ARCEUS_6,Bug Type,120,120,120,120,120,120,BUG,,0,187,444,0.42117117117117114
493,ARCEUS_7,Ghost Type,120,120,120,120,120,120,GHOST,,0,187,444,0.42117117117117114
493,ARCEUS_8,Steel Type,120,120,120,120,120,120,STEEL,,0,187,444,0.42117117117117114
493,ARCEUS_10,Fire Type,120,120,120,120,120,120,FIRE,,0,187,444,0.42117117117117114
493,ARCEUS_11,Water Type,120,120,120,120,120,120,WATER,,0,187,444,0.42117117117117114
493,ARCEUS_12,Grass Type,120,120,120,120,120,120,GRASS,,0,187,444,0.42117117117117114
493,ARCEUS_13,Electric Type,120,120,120,120,120,120,ELECTRIC,,0,187,444,0.42117117117117114
493,ARCEUS_14,Psychic Type,120,120,120,120,120,120,PSYCHIC,,0,187,444,0.42117117117117114
493,ARCEUS_15,Ice Type,120,120,120,120,120,120,ICE,,0,187,444,0.42117117117117114
493,ARCEUS_16,Dragon Type,120,120,120,120,120,120,DRAGON,,0,187,444,0.42117117117117114
493,ARCEUS_17,Dark Type,120,120,120,120,120,120,DARK,,0,187,444,0.42117117117117114
493,ARCEUS_18,Fairy Type,120,120,120,120,120,120,FAIRY,,0,187,444,0.42117117117117114
531,AUDINO_1,Mega Audino,103,60,126,80,126,50,NORMAL,,0,180,410,0.43902439024390244
554,DARUMAKA_2,Galarian,70,90,45,15,45,50,ICE,,0,334,344,0.9709302325581395
555,DARMANITAN_1,Zen Mode,105,30,105,140,105,55,FIRE,PSYCHIC,0,205,414,0.49516908212560384
555,DARMANITAN_2,Galarian,105,140,55,40,55,95,ICE,,0,302,414,0.7294685990338164
555,DARMANITAN_3,Galarian Zen Mode,105,160,55,30,55,135,ICE,FIRE,0,302,414,0.7294685990338164
562,YAMASK_1,Galarian,38,55,85,30,65,30,GROUND,GHOST,0,235,280,0.8392857142857143
618,STUNFISK_1,Galarian,109,81,99,66,84,32,GROUND,STEEL,0,213,422,0.504739336492891
641,TORNADUS_1,Therian Forme,79,100,80,110,90,121,FLYING,,0,244,362,0.6740331491712708
642,THUNDURUS_1,Therian Forme,79,105,70,145,80,101,ELECTRIC,FLYING,0,264,362,0.7292817679558011
645,LANDORUS_1,Therian Forme,89,145,90,105,80,91,GROUND,FLYING,0,227,382,0.5942408376963351
646,KYUREM_1,White Kyurem,125,120,90,170,100,95,DRAGON,ICE,0,227,454,0.5
646,KYUREM_2,Black Kyurem,125,170,100,120,90,95,DRAGON,ICE,0,212,454,0.4669603524229075
646,KYUREM_3,,125,120,90,170,100,95,DRAGON,ICE,0,227,454,0.5
646,KYUREM_4,,125,170,100,120,90,95,DRAGON,ICE,0,212,454,0.4669603524229075
648,MELOETTA_1,Pirouette Forme,100,128,90,77,77,128,NORMAL,FIGHTING,0,227,404,0.5618811881188119
658,GRENINJA_2,Ash-Greninja,72,145,67,153,71,132,WATER,DARK,0,271,348,0.7787356321839081
670,FLOETTE_5,Eternal Flower,74,65,67,125,128,92,FAIRY,,0,271,352,0.7698863636363636
681,AEGISLASH_1,Blade Forme,60,140,50,140,50,60,STEEL,GHOST,0,317,324,0.9783950617283951
710,PUMPKABOO_2,Large Size,54,66,70,44,55,46,GHOST,GRASS,0,264,312,0.8461538461538461
710,PUMPKABOO_3,Super Size,59,66,70,44,55,41,GHOST,GRASS,0,264,322,0.8198757763975155
711,GOURGEIST_2,Large Size,75,95,122,58,75,69,GHOST,GRASS,0,185,354,0.5225988700564972
711,GOURGEIST_3,Super Size,85,100,122,58,75,54,GHOST,GRASS,0,185,374,0.4946524064171123
718,ZYGARDE_1,10% Forme,54,100,71,61,85,115,DRAGON,GROUND,0,262,312,0.8397435897435898
718,ZYGARDE_2,Complete Forme,216,100,121,91,95,85,DRAGON,GROUND,0,186,636,0.29245283018867924
718,ZYGARDE_3,,216,100,121,91,95,85,DRAGON,GROUND,0,186,636,0.29245283018867924
719,DIANCIE_1,Mega Diancie,50,160,110,160,110,110,ROCK,FAIRY,0,198,304,0.6513157894736842
720,HOOPA_1,Hoopa Unbound,80,160,60,170,130,80,PSYCHIC,DARK,0,288,364,0.7912087912087912
741,ORICORIO_1,Pom-Pom Style,75,70,70,98,70,93,ELECTRIC,FLYING,0,264,354,0.7457627118644068
741,ORICORIO_2,Pa'u Style,75,70,70,98,70,93,PSYCHIC,FLYING,0,264,354,0.7457627118644068
741,ORICORIO_3,Sensu Style,75,70,70,98,70,93,GHOST,FLYING,0,264,354,0.7457627118644068
745,LYCANROC_1,Midnight Form,85,115,75,55,75,82,ROCK,,0,254,374,0.679144385026738
745,LYCANROC_2,Dusk Form,75,117,65,55,65,110,ROCK,,0,276,354,0.7796610169491526
746,WISHIWASHI_1,School Form,45,140,130,140,135,30,WATER,,0,176,294,0.5986394557823129
773,SILVALLY_1,Type: Fighting,95,95,95,95,95,95,FIGHTING,,0,219,394,0.5558375634517766
773,SILVALLY_2,Type: Flying,95,95,95,95,95,95,FLYING,,0,219,394,0.5558375634517766
773,SILVALLY_3,Type: Poison,95,95,95,95,95,95,POISON,,0,219,394,0.5558375634517766
773,SILVALLY_4,Type: Ground,95,95,95,95,95,95,GROUND,,0,219,394,0.5558375634517766
773,SILVALLY_5,Type: Rock,95,95,95,95,95,95,ROCK,,0,219,394,0.5558375634517766
773,SILVALLY_6,Type: Bug,95,95,95,95,95,95,BUG,,0,219,394,0.5558375634517766
773,SILVALLY_7,Type: Ghost,95,95,95,95,95,95,GHOST,,0,219,394,0.5558375634517766
773,SILVALLY_8,Type: Steel,95,95,95,95,95,95,STEEL,,0,219,394,0.5558375634517766
773,SILVALLY_10,Type: Fire,95,95,95,95,95,95,FIRE,,0,219,394,0.5558375634517766
773,SILVALLY_11,Type: Water,95,95,95,95,95,95,WATER,,0,219,394,0.5558375634517766
773,SILVALLY_12,Type: Grass,95,95,95,95,95,95,GRASS,,0,219,394,0.5558375634517766
773,SILVALLY_13,Type: Electric,95,95,95,95,95,95,ELECTRIC,,0,219,394,0.5558375634517766
773,SILVALLY_14,Type: Psychic,95,95,95,95,95,95,PSYCHIC,,0,219,394,0.5558375634517766
773,SILVALLY_15,Type: Ice,95,95,95,95,95,95,ICE,,0,219,394,0.5558375634517766
773,SILVALLY_16,Type: Dragon,95,95,95,95,95,95,DRAGON,,0,219,394,0.5558375634517766
773,SILVALLY_17,Type: Dark,95,95,95,95,95,95,DARK,,0,219,394,0.5558375634517766
773,SILVALLY_18,Type: Fairy,95,95,95,95,95,95,FAIRY,,0,219,394,0.5558375634517766
774,MINIOR_7,Red Core,60,100,60,100,60,120,ROCK,FLYING,0,288,324,0.8888888888888888
774,MINIOR_8,Orange Core,60,100,60,100,60,120,ROCK,FLYING,0,288,324,0.8888888888888888
774,MINIOR_9,Yellow Core,60,100,60,100,60,120,ROCK,FLYING,0,288,324,0.8888888888888888
774,MINIOR_10,Green Core,60,100,60,100,60,120,ROCK,FLYING,0,288,324,0.8888888888888888
774,MINIOR_11,Blue Core,60,100,60,100,60,120,ROCK,FLYING,0,288,324,0.8888888888888888
774,MINIOR_12,Indigo Core,60,100,60,100,60,120,ROCK,FLYING,0,288,324,0.8888888888888888
774,MINIOR_13,Violet Core,60,100,60,100,60,120,ROCK,FLYING,0,288,324,0.8888888888888888
800,NECROZMA_1,Dusk Mane,97,157,127,113,109,77,PSYCHIC,STEEL,0,179,398,0.44974874371859297
800,NECROZMA_2,Dawn Wings,97,113,109,157,127,77,PSYCHIC,GHOST,0,200,398,0.5025125628140703
800,NECROZMA_3,Ultra Necrozma,97,167,97,167,97,129,PSYCHIC,DRAGON,0,216,398,0.542713567839196
800,NECROZMA_4,,97,167,97,167,97,129,PSYCHIC,DRAGON,0,216,398,0.542713567839196
875,EISCUE_1,Noice Face,75,80,70,65,50,130,ICE,,0,264,354,0.7457627118644068
876,INDEEDEE_1,Female,70,55,65,95,105,85,PSYCHIC,NORMAL,0,276,344,0.8023255813953488
888,ZACIAN_1,Crowned Sword,92,150,115,80,115,148,FAIRY,STEEL,0,192,388,0.4948453608247423
889,ZAMAZENTA_1,Crowned Shield,92,120,140,80,140,128,FIGHTING,STEEL,0,167,388,0.43041237113402064
892,URSHIFU_1,Rapid Strike Style,100,130,100,63,60,97,FIGHTING,WATER,0,212,404,0.5247524752475248
898,CALYREX_1,Ice Rider,100,165,150,85,130,50,PSYCHIC,ICE,0,159,404,0.3935643564356436
